16

10 8 2 3 4 15 16 6 5 7 14 13 1 12 11 9
11 2 1 9 13 16 14 3 4 10 8 6 5 15 7 12
7 1 15 11 2 16 5 9 3 13 14 4 6 12 8 10
13 2 16 15 9 1 7 8 14 5 3 12 4 11 6 10
5 2 10 1 8 15 4 16 3 12 14 7 11 9 13 6
7 16 4 5 6 12 9 10 1 3 2 8 14 13 11 15
13 10 15 12 6 4 3 11 1 16 5 7 2 8 9 14
3 14 4 10 5 15 2 13 6 9 7 11 16 8 12 1
15 11 6 4 10 7 16 3 14 9 13 2 5 8 1 12
15 2 3 13 16 8 1 5 4 9 7 11 14 10 6 12
2 7 13 16 5 9 11 1 12 8 14 3 4 10 6 15
16 4 1 10 7 14 6 15 3 13 2 9 8 12 5 11
1 11 4 6 15 9 7 13 14 5 8 16 12 3 10 2
7 2 8 9 5 10 15 3 4 11 1 6 14 12 13 16
6 8 3 11 10 5 12 4 2 16 15 9 1 13 7 14
10 7 16 11 15 4 1 8 3 5 14 2 9 13 6 12

7 10 2 11 3 8 13 15 1 9 5 16 14 4 12 6
3 8 6 9 10 11 13 7 4 15 12 2 1 5 14 16
3 12 2 6 8 5 9 14 11 16 15 1 4 13 10 7
1 7 14 6 15 10 13 8 3 2 11 16 5 12 4 9
12 15 7 4 14 1 8 16 3 6 13 10 2 11 5 9
10 4 7 11 14 12 6 13 8 5 3 9 2 16 1 15
3 10 11 16 4 13 2 5 6 9 15 1 14 8 7 12
11 4 14 10 7 8 15 9 12 5 16 2 3 1 6 13
3 4 8 9 7 14 6 2 15 12 13 10 11 1 16 5
8 14 5 12 6 15 7 2 13 1 3 9 4 10 16 11
3 6 5 8 12 15 7 9 4 11 2 1 10 16 14 13
6 7 1 15 8 13 12 10 4 2 3 14 11 9 16 5
11 9 2 10 3 16 8 15 6 13 12 1 14 5 7 4
11 10 12 8 16 7 14 5 15 6 3 4 2 9 13 1
2 1 4 9 12 11 3 14 16 7 10 5 8 13 15 6
6 11 4 5 15 7 2 14 1 8 16 9 10 3 13 12