30

13 14 22 25 9 28 26 2 12 16 21 20 29 18 7 17 24 6 27 4 15 8 1 10 3 19 23 11 5 30
24 12 23 18 1 26 19 30 16 2 5 8 15 29 6 4 28 11 14 22 10 7 21 9 27 20 3 13 17 25
3 11 7 20 6 14 1 23 27 28 25 19 17 18 15 30 26 21 24 8 22 2 4 5 10 29 16 12 13 9
5 16 19 28 9 23 1 27 13 2 6 22 10 18 4 15 25 11 30 14 29 3 7 26 20 12 8 24 17 21
26 23 9 19 21 30 2 27 25 1 20 13 11 7 24 29 4 15 17 3 16 8 22 18 6 28 10 12 14 5
22 27 26 14 12 1 3 4 2 24 6 15 17 18 30 13 29 11 7 5 8 20 19 21 10 9 28 25 16 23
27 10 1 8 19 21 30 3 15 29 6 7 26 24 2 17 11 18 22 23 12 28 5 4 16 25 20 14 9 13
22 17 15 14 18 27 20 21 30 8 25 19 13 26 10 29 9 11 12 4 5 7 2 1 3 16 28 23 24 6
7 30 13 1 11 22 4 24 14 17 23 16 5 18 6 10 9 15 26 12 19 2 27 21 25 8 28 29 20 3
12 7 13 26 14 28 17 8 4 5 15 9 11 22 10 6 21 2 1 16 29 19 24 23 27 25 3 30 18 20
23 17 8 27 2 20 14 26 12 28 11 19 6 13 16 24 10 5 1 30 25 7 9 21 3 4 29 22 15 18
23 3 28 6 27 14 5 13 26 30 7 19 4 10 22 20 1 2 29 21 17 18 12 15 16 24 25 11 9 8
22 14 28 17 9 4 6 20 3 29 27 18 2 5 16 12 25 26 30 10 15 21 24 7 8 11 23 1 19 13
28 13 20 11 1 25 10 16 5 6 3 24 2 15 8 21 17 7 30 29 9 4 19 26 12 14 27 22 18 23
21 12 16 28 25 17 10 18 22 5 19 7 26 4 13 27 29 20 30 1 2 6 14 15 9 23 8 3 11 24
27 20 16 1 17 30 22 19 12 29 25 10 28 8 4 7 6 13 3 24 18 26 14 2 23 11 9 21 15 5
22 9 5 18 16 12 14 19 20 24 8 1 17 26 28 25 6 15 27 4 30 2 13 11 29 7 23 3 21 10
7 25 17 9 13 10 28 22 16 8 24 23 12 18 3 4 2 20 21 15 11 1 6 19 30 14 27 26 5 29
7 22 30 3 19 8 21 24 6 5 20 18 29 16 14 23 27 1 17 11 26 9 28 25 12 4 13 2 10 15
12 15 23 17 16 11 21 7 10 4 9 8 30 26 6 1 29 2 28 27 5 25 20 22 18 14 3 24 13 19
19 13 28 5 18 7 21 22 6 24 12 29 3 10 8 25 23 9 15 17 2 14 16 27 30 4 26 11 1 20
1 16 24 20 6 19 10 12 14 23 3 7 25 30 15 28 11 5 27 18 17 2 13 29 26 21 9 4 22 8
12 1 17 4 21 7 3 28 9 29 13 2 24 18 27 11 14 19 5 22 25 15 16 20 30 6 8 26 23 10
25 26 8 7 10 24 12 5 19 4 30 23 17 29 21 22 9 6 2 16 11 13 20 28 3 15 14 1 18 27
20 4 2 27 13 9 19 23 29 17 1 3 28 15 25 5 7 26 14 12 22 11 21 8 10 24 6 16 18 30
2 12 1 4 25 30 10 17 24 23 28 22 6 7 9 14 26 5 21 27 20 29 18 16 13 8 3 15 11 19
29 1 7 22 20 2 27 4 23 16 11 24 10 6 25 21 17 19 9 8 15 28 14 26 3 18 12 5 13 30
17 10 24 11 15 27 29 9 4 19 16 14 12 23 5 28 30 8 22 3 25 18 2 1 20 7 6 26 13 21
11 18 5 22 1 28 26 8 7 29 20 23 4 14 17 13 15 6 30 27 16 19 24 25 9 2 3 12 10 21
7 5 30 17 9 22 12 21 13 2 15 19 29 8 4 28 25 18 23 10 1 3 26 14 20 24 27 16 6 11

17 11 15 5 29 26 4 19 8 3 21 6 18 14 2 7 10 28 27 16 12 25 20 22 13 1 30 23 24 9
11 13 4 10 2 1 14 30 9 5 23 19 29 20 27 8 17 12 18 6 16 3 22 26 25 7 24 21 15 28
29 26 9 13 23 24 14 15 19 27 30 6 8 21 1 10 7 11 25 20 28 5 2 18 4 12 16 3 17 22
12 14 1 13 9 2 10 5 4 27 25 19 30 29 24 22 7 21 15 3 26 16 6 17 28 23 20 11 18 8
12 29 9 7 8 16 13 27 21 14 10 4 6 22 26 18 24 11 15 5 30 23 17 19 20 1 28 25 3 2
14 1 3 11 24 5 21 28 16 23 18 22 6 25 7 15 20 27 13 17 9 26 8 29 4 10 12 30 19 2
18 17 2 12 7 20 13 27 10 24 26 1 22 15 11 5 29 3 19 16 30 6 21 28 23 4 14 25 9 8
14 25 12 21 30 15 13 4 20 6 28 19 8 9 22 24 5 2 11 10 26 3 18 27 23 7 16 17 29 1
12 3 16 21 5 1 13 7 8 17 11 27 20 2 22 4 10 26 30 6 15 28 19 14 24 25 23 9 29 18
29 15 10 20 12 1 19 24 13 28 2 22 7 30 3 27 5 21 14 18 16 8 26 6 11 4 25 23 17 9
3 5 26 4 23 16 10 15 21 28 30 18 19 20 24 29 2 11 25 8 17 22 1 12 27 9 13 6 7 14
13 14 6 22 7 11 1 16 23 12 20 29 9 4 19 8 26 24 17 28 27 3 30 25 2 18 10 21 5 15
8 21 11 3 17 15 2 23 14 28 25 13 26 27 30 16 5 12 29 6 9 4 18 19 7 24 22 20 1 10
21 3 1 9 17 4 12 25 26 11 5 13 29 10 2 8 16 27 15 22 18 7 6 14 24 19 28 20 23 30
8 11 27 29 16 23 30 2 1 20 15 14 7 17 10 25 24 5 12 4 3 13 28 18 26 6 21 22 9 19
18 13 10 25 6 17 12 3 26 30 15 8 28 5 20 14 1 21 9 27 11 22 4 19 7 23 24 29 2 16
18 19 30 27 29 3 16 1 12 10 15 6 24 8 5 22 23 4 25 17 28 26 9 13 7 20 14 2 21 11
5 11 30 26 19 22 6 13 7 25 9 8 12 14 15 18 3 10 2 27 29 20 1 4 16 28 23 21 17 24
3 17 6 25 11 30 1 9 29 8 19 12 4 24 7 5 18 15 2 10 26 16 21 14 22 13 28 27 23 20
29 5 13 25 18 17 12 3 9 6 15 7 14 26 20 11 22 1 30 16 4 24 19 21 2 27 23 8 28 10
23 12 15 28 13 6 30 11 27 3 17 2 1 22 29 7 18 9 25 5 21 10 19 24 26 20 16 4 14 8
21 30 27 15 28 16 3 12 2 17 25 7 23 24 5 22 9 4 18 11 8 13 1 6 14 26 20 19 29 10
7 5 30 24 11 9 28 29 17 21 16 13 3 27 2 20 14 4 23 22 6 12 18 1 8 26 19 25 15 10
30 19 11 20 16 29 2 22 27 25 7 10 3 18 24 14 21 23 26 6 17 28 8 12 5 13 15 1 9 4
18 11 22 12 10 20 19 2 9 4 16 6 25 17 15 21 1 29 27 23 5 14 24 8 7 30 3 26 28 13
28 29 24 10 5 8 14 22 16 18 6 27 7 20 19 1 2 17 30 11 9 12 3 25 4 26 15 13 21 23
3 2 14 4 21 19 8 30 24 7 26 13 18 25 10 6 15 22 27 16 11 20 23 1 29 9 28 5 17 12
21 12 5 15 11 23 17 4 1 27 28 9 30 16 10 18 25 14 7 24 3 29 13 6 22 20 26 2 8 19
5 10 27 21 30 1 6 4 20 25 29 26 16 7 3 28 17 12 24 11 13 23 15 8 22 9 14 2 18 19
7 18 12 29 19 4 6 27 25 15 20 2 9 10 23 11 22 16 1 5 14 17 28 26 3 13 30 24 8 21