40

18 19 26 32 27 5 36 22 14 17 1 12 28 7 23 13 25 33 10 20 37 30 29 2 38 40 8 4 31 24 11 21 3 6 39 34 16 15 35 9
31 20 30 8 14 13 9 19 16 26 11 7 18 32 36 23 24 34 6 17 28 27 10 4 39 33 40 37 2 38 21 15 1 29 12 25 22 5 3 35
15 16 2 32 30 13 17 9 23 34 14 36 40 12 21 39 31 24 27 25 19 38 26 37 5 33 10 35 1 8 3 29 11 18 20 28 7 4 6 22
35 2 34 38 28 21 6 16 24 30 33 40 18 22 1 13 23 14 15 4 25 20 7 36 17 29 3 31 9 5 10 26 37 39 8 19 32 12 27 11
22 35 37 8 2 6 31 32 27 39 9 3 11 10 15 19 23 40 16 25 4 7 30 5 21 17 29 36 14 12 13 34 33 18 28 20 38 24 26 1
20 14 19 35 28 30 34 27 39 6 33 10 40 24 8 17 15 1 13 31 3 11 21 16 23 22 12 9 18 5 37 4 26 7 2 25 36 38 29 32
18 9 30 14 36 24 8 15 32 20 25 12 7 27 26 35 28 3 5 16 31 2 33 29 37 11 10 19 21 4 6 38 34 40 17 39 13 22 1 23
1 5 38 4 39 16 27 29 23 17 19 20 34 12 26 37 2 9 18 32 6 21 15 14 7 30 35 3 40 22 33 28 25 8 11 31 13 10 36 24
16 37 18 31 19 25 35 8 24 39 23 22 15 9 34 26 11 30 29 17 3 40 4 13 32 28 38 36 27 5 1 12 7 2 10 21 6 20 33 14
32 4 30 36 15 13 25 31 17 28 26 27 35 11 3 23 19 39 34 5 7 12 9 38 1 18 33 8 21 14 24 22 29 2 10 6 20 37 16 40
28 35 26 3 25 14 23 7 29 31 16 36 34 37 40 17 18 10 9 1 11 27 21 12 22 13 33 19 2 39 32 5 6 38 24 15 30 8 4 20
37 30 27 40 2 3 14 10 31 15 24 8 13 16 12 25 23 11 26 38 19 28 29 32 34 1 6 39 7 17 35 9 21 18 5 36 20 33 4 22
8 34 11 37 24 38 2 20 23 14 40 7 1 36 28 16 22 29 30 35 19 13 4 15 25 9 17 3 5 12 18 32 33 10 26 39 27 21 6 31
37 32 24 2 17 31 36 30 33 25 11 27 29 12 34 19 15 5 13 20 16 21 10 35 8 18 4 28 14 38 3 23 39 7 9 26 1 40 6 22
17 12 27 32 19 40 21 30 26 24 13 18 3 15 39 9 28 11 16 31 23 1 20 22 8 2 6 36 5 7 4 33 38 37 10 35 29 25 34 14
33 6 3 12 14 23 2 5 8 35 20 34 16 17 22 1 26 36 19 27 30 4 29 32 28 13 24 38 21 11 18 37 15 39 10 40 9 7 25 31
19 2 33 10 27 1 20 25 7 17 38 21 3 28 22 9 26 6 5 4 8 12 18 29 35 30 32 31 14 15 40 16 36 11 13 23 24 39 37 34
33 13 23 26 19 38 14 4 21 27 15 36 25 31 3 11 2 1 5 10 39 34 7 30 29 8 9 35 6 28 18 24 37 20 12 40 16 17 32 22
39 3 28 31 23 37 35 10 2 30 8 9 36 12 4 40 13 14 29 6 34 11 27 17 22 18 32 20 38 25 24 5 21 19 15 7 33 26 1 16
25 22 26 36 20 5 18 7 24 31 16 9 15 29 28 32 17 21 12 30 35 11 2 38 4 3 23 6 34 37 39 10 33 27 13 40 8 1 19 14
5 9 15 32 19 3 4 33 16 27 18 25 6 31 20 36 30 17 11 10 8 23 12 7 39 2 22 26 35 21 34 28 1 13 38 40 14 29 37 24
4 40 34 22 27 1 19 14 7 39 12 33 2 21 18 25 16 13 9 30 6 31 11 35 37 17 36 8 24 3 20 10 28 38 5 23 32 26 29 15
4 13 3 14 16 30 34 7 35 36 26 23 21 31 39 5 25 8 28 40 32 38 1 19 9 27 22 18 24 15 20 17 37 33 2 11 10 29 6 12
21 30 8 40 19 25 17 18 36 3 10 39 13 27 20 14 23 28 37 22 7 6 32 9 16 15 2 24 33 11 34 1 12 38 26 5 4 35 29 31
27 11 34 35 13 25 37 17 9 20 5 6 14 8 33 16 15 12 21 39 4 19 10 26 38 7 30 24 29 28 18 40 2 32 22 23 1 3 36 31
2 25 19 7 4 12 1 29 34 37 18 13 38 27 33 23 14 28 3 8 35 31 20 30 39 22 32 5 11 10 16 15 17 26 6 24 40 21 36 9
3 7 39 6 22 1 20 12 31 28 35 15 10 8 27 40 24 32 23 29 4 18 5 38 21 25 2 17 9 34 33 30 11 26 13 36 16 14 19 37
10 9 29 17 33 31 36 22 13 8 5 23 4 40 37 20 21 7 27 18 14 3 2 6 35 30 34 32 38 24 11 1 28 39 26 15 19 25 12 16
4 16 30 35 11 26 27 32 8 12 33 15 29 38 19 37 36 9 28 24 14 20 5 31 23 1 18 21 34 7 39 2 40 3 13 25 22 17 6 10
38 7 30 33 12 1 6 8 27 17 36 35 39 20 32 21 3 24 14 15 22 2 16 29 10 23 5 18 19 28 11 26 4 25 40 37 31 34 13 9
12 34 40 25 39 37 8 6 9 33 35 14 5 10 38 30 29 24 36 27 15 32 23 1 2 28 4 19 26 3 11 7 20 16 13 17 18 31 21 22
11 10 27 16 40 34 38 4 33 13 25 2 32 1 12 37 28 5 21 6 8 9 36 22 17 26 29 3 23 30 7 39 15 14 18 20 35 24 19 31
26 3 15 22 13 36 33 4 12 9 19 32 14 37 24 17 34 40 16 23 18 38 35 30 11 28 1 31 25 29 2 10 8 27 6 7 5 39 21 20
33 8 19 29 27 20 10 7 28 17 1 30 4 14 36 32 38 6 11 35 22 24 12 5 39 9 21 31 3 37 34 15 18 25 40 23 13 26 2 16
19 25 9 3 40 36 14 28 1 39 5 15 7 21 16 23 12 13 20 30 34 38 31 4 11 26 29 24 33 35 17 37 6 10 8 27 18 22 32 2
28 39 22 27 6 25 26 29 10 40 11 13 16 5 32 35 18 1 37 14 8 33 31 7 15 21 4 20 24 9 3 38 19 23 2 30 12 36 17 34
16 32 23 4 17 39 29 3 22 9 40 12 6 37 20 10 27 7 33 24 34 2 21 11 31 19 28 8 38 15 1 14 26 25 36 30 5 18 13 35
12 7 9 27 30 33 3 4 32 35 23 31 10 18 37 8 26 20 14 28 16 25 19 36 15 1 11 6 13 38 34 17 2 22 5 21 39 24 40 29
25 30 19 2 33 31 16 18 36 39 23 40 24 29 4 5 20 28 35 8 14 11 32 37 15 7 13 3 38 17 27 26 9 10 6 1 21 12 34 22
28 26 24 31 2 18 40 21 20 13 5 4 33 8 39 16 19 14 38 7 3 27 36 30 23 35 9 37 17 11 12 10 1 25 32 22 29 34 6 15

18 8 23 19 39 21 38 11 6 2 7 34 16 14 13 27 37 28 25 9 17 32 15 29 1 4 12 20 35 10 30 3 5 36 24 33 22 40 26 31
21 27 29 36 34 22 39 40 1 13 31 14 7 35 37 20 5 32 17 11 8 18 16 12 2 15 28 26 23 6 3 9 25 30 24 10 38 33 4 19
8 36 38 23 12 11 6 1 30 15 20 13 26 31 35 29 33 4 27 3 14 22 2 7 18 39 34 19 37 5 32 21 16 24 40 28 17 25 9 10
14 5 29 9 1 21 4 15 32 39 24 33 12 35 20 37 19 34 25 3 36 26 30 2 23 8 18 31 28 40 27 17 13 38 16 6 7 11 22 10
26 17 13 33 3 40 34 20 19 24 38 32 7 31 23 30 5 36 15 16 8 11 9 39 28 2 29 21 37 27 1 12 4 25 6 22 14 35 18 10
34 8 17 32 18 10 35 25 7 31 24 29 39 22 19 12 13 36 27 16 40 28 37 1 38 21 2 23 26 6 30 5 4 14 3 9 20 11 33 15
1 34 27 39 16 11 17 21 9 15 7 18 22 13 31 3 5 33 10 25 37 4 36 23 30 2 14 19 26 40 20 35 28 29 24 6 38 32 8 12
38 28 16 22 9 23 36 14 11 18 25 17 8 30 27 34 33 29 32 15 1 6 20 21 5 37 3 2 39 40 13 24 31 4 26 12 10 19 7 35
30 4 8 15 20 34 27 26 32 33 18 23 40 19 7 25 22 24 13 2 14 21 17 9 29 6 11 3 12 36 10 16 31 39 5 35 37 1 28 38
34 25 10 9 29 21 26 17 23 30 15 13 4 33 24 12 39 2 37 31 22 5 19 28 18 20 14 7 40 8 38 27 32 16 6 3 36 1 35 11
10 36 6 23 15 27 14 21 25 3 22 37 5 19 35 34 18 31 24 30 2 29 1 4 28 33 39 7 8 26 12 11 13 16 40 20 38 32 17 9
13 17 19 21 40 30 38 29 35 8 1 32 36 4 12 5 28 15 18 3 33 37 10 20 24 34 11 23 27 9 25 39 6 26 2 31 14 16 7 22
27 29 24 11 2 39 26 13 17 6 10 25 34 14 9 20 19 35 8 30 36 28 15 3 40 18 1 37 33 32 4 5 31 16 38 22 7 23 21 12
33 6 32 39 37 1 26 38 2 14 7 11 9 10 8 20 29 15 40 24 4 13 27 5 18 25 21 35 28 23 19 16 30 22 3 34 31 17 36 12
24 27 20 12 10 1 4 9 8 38 29 40 15 26 18 16 36 22 34 6 11 21 30 33 23 28 13 2 14 5 7 3 19 39 35 37 17 31 32 25
29 22 7 27 34 25 18 6 37 28 10 12 4 33 32 19 11 16 23 39 3 5 38 20 9 1 35 24 36 2 21 40 13 31 8 15 14 30 26 17
33 22 11 31 26 25 12 36 28 23 3 15 1 16 6 30 21 5 37 39 20 35 40 7 38 2 29 9 14 4 34 32 24 13 17 10 27 18 8 19
26 39 10 22 16 38 20 5 23 33 40 7 11 24 19 17 35 21 27 28 12 3 30 34 15 36 6 25 32 2 14 4 13 31 37 29 8 18 9 1
13 3 18 15 39 40 34 26 29 17 22 32 1 8 4 6 20 21 28 9 37 24 2 7 16 27 14 25 12 23 36 10 11 5 38 33 19 30 31 35
25 22 10 4 35 31 40 38 32 12 20 11 17 16 23 6 15 1 39 3 8 18 29 27 24 37 33 13 14 7 30 21 9 34 5 26 36 28 2 19
27 16 34 10 38 21 30 1 6 33 4 19 5 8 3 32 39 29 36 12 26 2 25 14 23 11 9 18 35 7 20 24 15 22 31 17 28 40 13 37
25 33 3 2 27 8 11 35 1 40 26 22 32 23 24 37 28 15 19 6 17 38 7 20 18 29 30 12 16 9 4 34 36 14 13 10 5 21 39 31
10 24 17 1 32 6 40 30 2 23 27 22 15 8 28 3 39 11 20 12 34 29 37 19 38 18 26 33 9 21 16 7 13 5 31 4 14 36 35 25
29 26 9 5 12 32 15 35 11 2 24 19 6 17 31 27 20 22 38 21 3 8 13 34 40 36 1 14 30 39 37 33 23 7 18 10 25 16 28 4
23 2 31 39 33 13 28 10 15 5 24 29 26 4 19 32 34 21 22 16 25 12 20 9 11 3 38 1 37 36 35 18 27 7 17 6 14 8 40 30
34 3 40 15 29 30 13 12 27 25 1 31 19 14 4 10 26 24 23 33 22 18 35 37 8 28 39 21 36 17 32 2 20 6 16 5 11 38 9 7
1 7 20 6 36 14 17 4 26 32 15 30 35 10 18 24 9 39 37 13 34 16 11 23 38 5 3 21 22 28 33 25 19 31 12 29 2 40 27 8
15 11 40 19 23 21 24 28 27 12 16 9 14 5 7 38 18 1 26 2 32 36 34 8 4 6 33 35 20 17 25 13 31 29 3 22 10 37 30 39
24 35 40 28 5 19 3 21 26 38 4 22 31 33 32 34 11 13 37 8 7 2 14 1 39 20 25 16 27 9 18 36 17 15 30 23 29 12 10 6
39 1 6 29 12 9 32 19 34 10 40 17 38 21 15 11 18 7 4 35 28 13 16 24 2 37 25 14 22 31 3 20 27 23 30 26 8 33 5 36
28 1 32 40 20 26 27 10 17 21 33 39 30 7 12 8 29 14 16 31 5 36 4 19 9 6 3 23 25 18 15 2 13 24 37 22 38 34 11 35
26 12 32 28 22 20 6 19 21 3 10 35 37 2 4 5 34 14 9 17 39 8 38 7 25 33 27 11 23 31 40 36 16 13 18 15 1 24 29 30
28 27 39 25 33 32 1 9 30 22 17 7 11 36 16 37 38 6 21 24 8 5 31 23 20 19 29 13 15 40 2 14 26 34 12 3 18 35 4 10
2 31 33 16 15 5 24 34 20 12 28 6 8 4 22 35 21 13 1 29 11 39 14 37 18 38 40 3 32 7 23 9 19 30 17 26 36 10 25 27
21 32 8 30 14 9 11 27 19 12 3 13 35 2 38 39 33 1 20 29 6 31 26 16 28 10 40 18 22 34 4 37 5 7 17 23 24 15 36 25
28 20 37 10 29 11 36 17 40 7 4 1 34 35 21 8 3 14 25 31 30 22 6 27 19 33 18 38 24 39 15 9 2 23 12 32 26 5 13 16
6 16 31 7 40 21 26 15 24 28 18 5 17 20 14 13 38 8 22 33 32 25 35 37 11 10 23 9 34 29 12 4 36 27 19 2 1 39 30 3
39 14 25 6 18 40 20 15 13 4 35 31 30 22 29 9 28 33 23 2 27 11 19 34 16 10 36 5 17 1 38 7 32 3 37 12 8 26 21 24
35 22 21 34 4 31 9 18 27 11 2 1 38 17 37 26 16 29 14 19 28 30 7 8 20 24 5 36 40 32 3 25 39 12 13 6 15 10 23 33
7 13 14 5 32 39 36 22 28 38 6 15 29 18 37 10 34 31 27 21 2 16 8 17 23 11 40 19 25 4 20 1 33 9 3 35 12 30 24 26