75

15 30 11 5 45 60 61 62 17 54 29 23 68 57 31 19 71 18 12 28 25 20 46 51 21 33 67 66 10 48 75 40 4 56 49 64 16 6 32 73 53 43 2 58 39 72 34 41 37 1 69 44 8 36 22 9 38 50 42 65 13 52 55 27 70 74 24 47 63 7 14 26 35 3 59
25 14 1 39 10 56 67 59 27 21 37 23 35 58 60 63 4 26 41 51 38 31 17 47 66 19 50 43 8 15 73 36 44 30 55 57 32 24 72 71 18 33 2 70 74 49 7 61 45 20 46 42 22 64 68 12 34 9 5 40 69 53 6 75 28 65 13 11 16 62 54 29 48 3 52
34 24 46 23 19 54 18 53 14 66 56 21 59 64 73 62 61 43 15 58 68 49 2 28 38 22 48 26 8 33 72 52 67 40 32 16 63 47 17 69 3 74 50 44 60 45 7 10 11 75 27 51 55 25 6 70 12 5 39 37 42 4 36 20 29 71 35 13 1 57 65 30 31 41 9
10 39 71 33 36 42 50 61 11 12 59 2 29 51 67 27 22 9 54 37 24 14 60 69 5 49 1 16 35 25 48 20 40 70 6 52 46 26 53 18 57 44 72 58 47 73 68 45 23 8 21 15 19 31 3 56 34 17 43 28 4 32 63 41 64 66 38 7 30 55 65 75 74 13 62
35 73 51 75 1 38 4 5 40 53 41 10 48 62 28 59 7 42 69 6 74 43 15 29 17 30 63 25 3 27 16 47 64 44 18 36 8 37 72 39 65 68 54 26 2 49 21 31 20 9 50 22 67 33 55 12 58 60 57 23 46 45 56 32 13 61 14 70 19 34 66 11 71 52 24
64 1 68 66 70 50 34 2 24 47 19 17 12 73 32 13 27 23 22 56 20 3 25 11 42 65 6 54 37 61 60 9 57 40 33 18 62 38 46 5 49 7 58 30 15 71 72 67 55 29 41 14 39 59 28 52 16 44 75 69 74 43 10 21 45 63 31 53 4 51 48 8 36 35 26
2 65 62 1 8 26 69 75 15 36 66 56 5 45 74 72 54 70 48 35 40 28 59 34 46 33 68 30 9 55 64 49 67 53 32 39 19 13 63 41 11 31 22 71 50 10 14 44 58 24 17 43 4 52 18 61 73 51 38 23 29 6 20 60 57 12 27 21 7 42 16 25 47 3 37
33 40 10 22 54 62 48 61 23 24 41 39 55 7 4 67 59 2 35 69 56 36 49 34 58 50 60 20 65 8 73 44 1 11 15 66 70 16 26 9 17 64 53 38 13 27 57 28 72 5 19 37 46 18 12 3 43 29 75 31 25 68 32 30 14 42 45 51 21 6 47 71 63 52 74
36 67 69 24 3 45 47 62 66 37 5 56 68 39 70 55 64 65 28 15 63 16 54 42 19 75 50 20 34 7 72 48 11 57 74 13 10 40 2 58 43 73 18 23 71 35 31 29 27 14 8 32 17 51 53 26 41 21 61 60 46 9 44 59 52 22 4 49 33 38 30 25 12 6 1
10 40 53 69 57 60 31 38 19 15 37 27 1 26 7 61 25 55 22 44 67 30 52 65 50 56 45 5 33 21 14 72 34 16 4 11 59 28 71 42 75 49 3 24 64 13 8 20 17 9 39 12 51 18 2 68 70 54 63 66 46 36 41 47 58 43 35 6 62 48 73 29 74 23 32
34 75 37 67 32 35 63 17 11 7 57 47 74 41 31 28 54 59 49 44 52 46 48 56 38 10 29 45 53 4 68 72 27 6 15 2 70 20 30 14 71 61 64 5 55 8 43 73 23 21 9 16 33 22 19 50 24 58 12 25 69 65 42 40 26 18 60 1 66 13 51 62 36 39 3
27 46 7 69 56 60 16 10 34 70 68 57 58 55 11 62 63 53 50 15 47 9 13 48 54 41 28 51 37 65 31 23 4 1 42 67 26 64 40 39 32 61 29 75 73 25 49 30 59 44 14 71 74 21 19 24 6 3 66 36 52 22 2 17 8 45 12 5 43 35 18 33 20 72 38
41 3 11 36 33 66 53 39 70 51 10 73 21 75 54 48 16 37 20 67 29 69 8 15 19 17 1 64 58 12 57 27 18 5 52 46 65 50 32 2 68 62 63 4 28 56 14 25 47 42 31 45 49 23 60 26 40 24 44 6 22 61 55 9 34 30 13 59 72 38 43 71 35 7 74
27 39 8 4 2 34 49 65 66 7 35 46 52 38 41 32 70 51 58 40 69 28 75 62 23 45 31 19 14 17 11 60 3 42 74 24 73 26 57 12 54 61 71 68 59 47 55 22 33 63 13 72 56 16 25 37 9 48 43 21 67 53 64 10 20 44 5 36 29 18 30 50 15 1 6
10 30 46 6 39 26 64 11 44 61 2 14 28 74 62 23 13 16 66 52 34 60 68 41 63 18 72 35 69 25 58 24 9 19 50 55 71 56 45 8 29 40 4 36 75 67 12 42 48 1 49 33 73 31 51 3 5 53 65 17 70 20 43 27 54 21 38 32 22 37 59 15 47 7 57
27 44 29 74 3 69 8 59 2 52 45 14 62 67 57 33 64 6 17 18 30 16 31 48 19 42 50 22 54 37 60 4 40 61 32 41 12 24 43 68 65 10 73 26 66 47 36 63 28 72 20 15 7 13 1 71 53 21 38 70 46 25 49 35 55 9 51 75 11 34 56 39 23 58 5
24 49 35 59 74 10 7 12 38 53 42 63 57 9 3 55 13 48 1 28 51 70 33 71 14 17 31 46 4 61 43 41 11 19 68 52 5 36 44 67 40 39 25 34 56 16 66 72 47 75 15 45 29 22 2 26 32 8 64 50 27 58 6 23 54 30 37 65 60 73 69 62 20 21 18
55 22 28 75 74 13 47 24 40 26 36 46 63 21 50 14 29 34 43 44 35 16 56 45 23 31 69 60 27 73 10 62 71 48 65 1 12 66 68 51 52 59 4 32 15 2 39 33 64 57 19 8 9 70 61 58 67 5 30 53 18 37 54 38 41 17 7 20 49 3 6 72 25 42 11
22 41 38 47 25 54 40 71 58 20 42 50 66 35 17 31 4 32 6 18 51 37 10 49 72 7 74 19 63 48 62 3 45 11 55 14 67 8 27 46 70 2 21 26 68 56 43 65 61 30 5 24 59 64 36 33 44 34 60 69 28 13 15 39 52 1 9 29 16 57 73 23 75 12 53
2 13 32 12 65 19 29 45 38 28 8 55 22 52 21 59 61 36 72 6 66 48 7 56 37 4 68 43 49 26 69 60 44 33 3 11 71 14 9 54 39 42 63 50 46 41 73 25 58 15 67 70 31 75 40 35 17 64 10 62 51 23 20 1 16 47 57 34 53 24 5 74 30 18 27
55 25 49 45 59 20 51 17 37 50 15 18 10 26 21 43 62 65 24 5 52 61 69 75 3 35 68 16 8 6 74 39 66 34 14 36 27 63 72 12 31 2 22 4 58 53 11 54 67 46 28 33 9 1 42 23 71 13 32 7 47 70 64 38 44 30 29 48 60 40 57 41 19 56 73
7 12 56 64 22 46 62 24 52 54 41 16 72 8 60 9 73 20 29 51 3 17 37 58 35 26 49 57 69 30 36 50 25 47 74 59 45 39 5 67 63 4 48 68 15 40 19 38 31 70 61 65 43 75 21 10 14 55 71 28 27 34 18 44 23 13 42 1 32 66 33 53 6 11 2
47 61 71 2 37 68 15 17 19 38 33 36 73 28 62 26 64 53 65 59 35 42 20 30 56 54 69 31 72 49 34 18 60 51 24 25 52 55 13 3 43 4 44 14 27 75 74 45 10 12 9 39 66 63 21 50 29 5 8 11 41 48 32 46 40 67 70 58 22 6 7 16 23 57 1
16 24 9 36 26 28 66 25 68 75 35 2 47 21 51 58 20 19 12 43 69 38 33 45 18 27 8 6 46 67 50 61 59 4 17 54 41 70 72 65 10 23 22 30 34 55 71 62 57 73 44 32 5 11 42 37 14 31 48 74 64 7 60 56 13 39 1 63 15 40 29 53 3 49 52
50 48 46 26 10 62 2 7 1 54 44 68 41 45 6 73 29 15 56 58 36 33 49 43 9 75 8 25 70 22 64 53 31 3 60 20 16 61 28 40 37 66 72 55 42 51 12 18 47 27 21 67 5 52 59 71 30 13 19 35 24 17 4 23 34 11 57 32 74 38 63 39 69 14 65
10 74 25 55 30 17 50 20 68 7 57 48 11 26 29 44 13 47 75 62 72 38 73 63 4 64 1 61 23 27 67 18 6 14 54 21 45 39 42 19 70 16 37 41 58 3 60 2 71 36 52 31 59 22 66 43 28 34 35 40 33 56 9 12 53 15 8 51 32 65 69 5 49 46 24
30 47 2 52 39 29 25 11 27 12 22 24 7 70 26 35 28 71 59 55 19 20 46 54 17 8 14 45 16 34 65 66 32 60 49 21 57 4 3 31 67 72 9 36 44 15 61 18 40 23 64 41 42 50 74 37 56 75 6 48 51 10 68 53 13 1 5 33 58 62 63 38 43 69 73
21 24 20 52 39 70 30 44 42 49 63 65 55 75 31 5 11 53 25 59 64 38 48 18 35 10 73 66 46 67 9 69 58 41 2 47 8 27 37 71 15 19 17 16 74 13 50 36 54 14 72 43 56 57 1 68 26 7 22 61 51 28 45 32 3 29 40 33 60 12 23 4 6 34 62
14 18 46 22 17 53 7 25 67 40 47 20 1 9 38 65 13 21 39 58 6 15 43 35 3 34 31 2 26 36 63 52 37 62 50 29 10 42 68 5 74 28 57 32 8 69 49 4 41 73 11 24 30 19 55 71 64 61 66 56 60 48 75 51 12 70 16 27 59 72 23 33 54 44 45
57 64 58 50 20 21 28 27 22 10 46 68 3 31 6 25 67 70 8 45 4 43 52 13 47 54 39 29 36 72 42 59 34 66 30 55 15 71 65 35 23 74 75 17 51 56 61 11 62 40 24 73 19 44 38 12 53 49 14 48 60 32 5 33 1 9 26 18 2 63 16 41 7 69 37
12 37 43 48 26 13 72 25 54 60 21 42 5 39 30 50 16 3 75 34 59 56 29 47 68 55 65 71 41 74 2 18 20 66 44 53 23 14 36 8 69 49 62 22 51 10 35 7 38 64 15 73 17 45 32 31 58 24 11 57 6 9 33 67 19 40 1 63 27 52 61 28 4 70 46
75 51 25 65 1 26 11 31 6 71 44 54 37 23 29 73 30 58 13 72 24 50 22 20 39 21 59 38 67 70 62 34 17 16 49 5 74 19 56 15 45 35 2 12 55 63 7 33 4 14 10 53 60 48 36 18 9 52 32 27 64 47 28 42 68 61 41 40 57 3 66 43 46 8 69
69 6 62 25 61 67 13 37 8 33 52 41 24 63 1 54 36 18 73 19 17 42 2 66 64 60 48 34 72 47 53 29 45 38 32 35 12 49 9 56 44 55 5 26 20 11 70 10 58 75 15 46 51 21 71 65 27 28 30 59 40 3 16 22 57 14 39 68 4 50 43 23 31 74 7
12 72 58 71 39 6 38 66 54 41 8 30 20 75 19 18 16 55 68 50 51 10 61 3 46 28 5 32 9 63 47 73 22 64 74 2 21 42 45 26 24 49 48 14 69 59 67 27 44 34 25 43 40 4 29 31 70 7 52 37 36 60 33 17 11 57 15 35 23 62 53 13 1 56 65
29 53 32 22 73 67 41 45 26 28 20 52 57 75 12 25 1 38 36 49 55 72 14 70 64 10 23 30 34 4 31 65 54 5 11 50 61 68 39 7 48 3 2 62 60 74 18 46 43 21 56 16 13 35 27 71 58 47 17 44 33 24 40 69 59 63 8 37 6 42 19 15 66 51 9
68 25 35 39 56 12 1 54 28 38 61 64 71 57 3 6 48 32 10 60 52 42 51 19 46 15 41 34 67 26 33 8 21 30 22 7 36 66 75 55 59 18 70 50 45 58 4 11 27 69 40 53 73 29 72 31 43 62 24 14 63 74 2 16 17 47 23 9 20 5 49 37 44 65 13
60 21 17 15 39 67 52 75 35 31 5 19 56 49 46 42 41 26 28 10 50 69 51 12 33 59 4 37 3 63 36 47 62 70 48 11 24 6 38 72 30 55 13 27 54 32 73 58 34 45 74 2 68 71 22 20 57 14 16 43 61 65 9 23 53 7 66 29 8 18 40 1 64 25 44
5 64 68 28 52 73 3 41 19 26 24 74 44 21 38 37 33 46 48 43 13 7 50 2 34 58 22 63 36 51 54 15 11 32 29 16 18 53 49 47 69 75 14 8 71 45 4 9 23 57 27 60 62 35 55 72 40 65 20 67 56 31 39 12 6 1 70 10 17 30 42 61 66 59 25
21 60 67 41 54 74 20 6 62 50 47 30 29 14 32 17 3 59 25 37 18 42 44 72 5 48 61 52 46 66 8 65 73 71 10 69 70 53 51 34 58 26 64 16 31 1 56 68 12 13 7 11 40 38 63 39 49 75 28 35 15 45 9 24 19 36 27 4 43 23 22 2 57 33 55
69 34 75 58 64 12 56 67 55 9 13 54 14 33 17 62 48 45 6 44 61 28 31 25 41 46 16 24 1 8 4 23 32 66 43 21 71 50 49 19 11 30 37 5 70 57 22 7 29 65 51 73 2 40 27 3 10 68 53 72 42 15 74 60 59 39 52 63 38 26 18 47 36 20 35
55 11 58 53 35 29 47 9 22 74 13 24 73 68 46 40 48 31 15 1 67 62 57 17 39 21 28 12 66 14 18 60 4 27 52 6 34 25 32 72 16 70 43 50 63 5 20 71 7 41 64 44 23 51 56 37 19 2 33 49 30 36 61 59 26 65 10 45 8 69 54 3 75 42 38
28 72 61 56 44 38 4 23 47 31 39 33 9 3 14 73 16 53 17 21 34 48 36 64 59 71 49 22 5 18 2 29 62 8 26 11 57 58 45 69 46 67 42 60 50 1 65 30 66 10 20 41 6 25 7 43 40 52 19 75 54 32 51 24 37 74 27 63 68 35 13 12 15 55 70
74 40 48 4 37 68 27 31 22 9 51 16 10 1 29 38 33 17 42 25 52 73 7 67 58 66 24 41 15 36 53 13 14 18 6 11 46 19 8 5 55 60 34 21 50 39 3 62 63 23 71 30 59 56 64 70 65 35 57 20 49 26 28 2 43 72 45 44 12 47 69 54 75 32 61
3 10 54 15 19 40 46 57 26 72 5 6 29 31 71 68 36 21 8 43 23 18 9 41 11 74 53 51 27 32 28 75 65 7 63 64 61 1 50 16 30 59 17 69 24 55 2 22 49 66 58 47 56 20 42 73 35 13 25 44 67 12 33 48 38 37 70 60 45 14 4 39 34 52 62
29 68 53 2 39 9 38 5 42 63 48 13 55 23 71 18 19 54 22 58 43 52 35 31 69 72 60 15 50 41 7 56 34 75 45 64 27 70 67 8 61 74 25 46 28 11 51 40 62 36 37 3 4 66 47 17 16 24 32 20 26 1 49 30 21 44 6 57 14 12 10 73 33 59 65
25 1 16 21 59 26 17 12 75 32 45 37 49 7 19 39 18 52 51 67 22 69 11 3 57 30 71 44 68 58 9 65 66 2 40 73 5 54 13 42 31 35 43 70 8 15 62 74 6 4 20 34 38 41 28 53 36 60 24 10 72 23 47 55 33 27 61 48 46 50 29 64 14 63 56
13 41 33 61 20 50 7 54 39 75 74 42 19 10 72 31 30 21 28 59 46 23 15 34 12 63 27 70 26 45 1 71 53 35 49 4 40 37 18 25 66 16 73 43 69 3 11 9 47 22 8 65 14 5 64 56 6 62 48 57 38 2 68 29 51 24 32 52 17 36 67 60 58 44 55
41 40 16 33 4 36 30 38 20 62 2 6 14 9 71 72 56 19 60 59 35 45 17 52 29 31 55 43 5 11 70 15 18 23 54 26 48 75 13 64 74 47 53 51 39 63 27 44 34 46 21 12 1 37 10 67 7 50 8 22 32 28 73 49 3 25 65 66 58 68 57 42 61 24 69
49 35 57 42 8 66 62 27 54 25 75 39 3 29 36 28 9 31 43 58 19 73 68 20 23 15 30 61 71 14 65 1 50 69 64 46 45 11 5 67 18 21 37 6 63 33 26 56 16 60 74 47 53 72 48 52 22 24 34 10 7 51 44 38 12 4 59 13 17 41 2 55 32 70 40
4 24 17 2 63 9 49 20 29 55 46 59 8 31 30 66 33 35 50 13 7 73 23 58 39 43 32 5 64 15 1 3 6 21 51 72 65 52 12 45 67 19 25 37 36 62 48 41 68 70 22 69 44 56 10 60 61 57 53 42 34 16 28 14 11 75 26 54 18 38 74 47 71 27 40
27 75 72 33 30 55 10 74 29 63 51 17 31 20 50 28 68 16 60 70 43 41 52 45 54 14 18 5 62 37 61 65 1 47 6 44 22 64 15 40 67 4 36 19 57 46 9 24 66 35 71 32 25 56 21 3 7 34 42 69 26 2 11 48 8 58 12 59 49 38 53 73 39 13 23
13 27 16 8 56 1 63 38 21 74 67 9 54 60 48 65 75 53 32 29 64 12 23 59 66 15 28 57 22 69 37 2 42 3 72 71 7 52 4 5 34 10 47 36 6 55 33 18 41 25 45 39 20 50 44 46 35 62 68 31 70 51 49 30 58 11 40 24 43 19 14 26 17 73 61
9 3 6 8 56 4 21 70 15 73 39 7 60 11 68 24 23 31 49 71 13 47 1 45 41 14 51 22 74 64 20 30 5 46 12 65 48 67 52 32 35 66 57 37 10 43 62 58 26 42 16 53 55 2 18 27 38 33 29 61 44 63 75 34 36 19 17 50 25 72 28 40 59 69 54
66 34 46 18 68 74 71 75 53 67 36 4 37 63 23 21 51 3 25 49 57 17 28 60 39 65 6 61 20 55 32 73 33 40 64 38 8 41 70 1 16 52 58 50 19 11 69 7 54 45 14 43 72 27 42 62 59 35 26 22 44 56 31 5 13 15 24 12 2 10 47 9 29 48 30
47 13 8 70 16 58 9 15 52 29 21 75 68 45 51 57 65 2 37 60 25 28 32 73 4 20 67 31 22 42 66 69 34 23 5 44 35 11 59 39 7 33 64 50 48 61 12 14 1 72 63 62 46 71 55 43 10 24 53 6 40 27 18 19 54 49 38 41 26 74 3 30 17 36 56
13 22 3 6 1 12 68 69 58 33 36 38 61 2 51 64 54 48 75 73 10 56 28 9 23 47 35 29 15 44 41 42 70 63 39 60 59 31 17 72 52 46 34 71 37 32 43 62 50 66 49 67 16 21 53 18 20 5 4 30 7 11 25 24 14 45 19 57 65 26 40 74 27 8 55
50 21 10 19 25 24 12 5 18 53 35 51 60 58 34 28 54 66 17 23 3 63 52 11 1 20 9 41 13 29 73 75 40 14 65 47 30 68 71 37 61 55 31 45 16 64 2 33 32 59 42 22 36 74 6 57 15 26 48 69 62 46 67 38 27 39 8 72 70 7 56 49 4 43 44
7 72 44 45 16 55 39 5 40 11 66 23 25 69 30 8 37 28 68 54 20 61 10 17 49 21 42 53 70 46 60 29 41 62 1 73 64 51 63 15 52 31 32 59 58 57 47 9 43 18 3 38 4 26 2 19 12 14 22 13 33 74 48 34 27 6 65 71 67 56 75 35 50 36 24
25 74 26 7 27 17 42 5 61 46 47 45 23 19 41 66 33 73 62 58 15 52 43 6 8 35 18 2 32 49 59 14 22 10 57 67 16 9 21 11 34 65 53 63 60 75 38 24 56 37 70 30 12 39 64 72 20 44 13 28 51 54 29 69 55 1 68 4 31 71 3 50 40 36 48
23 57 71 38 37 17 12 16 41 36 60 72 43 61 75 28 69 50 45 9 27 55 29 3 34 39 67 74 11 66 31 48 70 59 42 73 65 30 22 56 6 53 64 35 52 63 51 20 5 21 15 54 26 4 33 68 1 49 8 7 32 62 46 47 2 44 19 18 14 24 10 25 58 40 13
29 35 64 58 9 11 5 43 72 30 26 57 6 2 71 22 20 51 48 46 75 37 28 31 36 55 25 40 27 24 47 32 42 33 66 70 50 1 54 52 49 53 69 12 8 3 14 18 17 73 67 56 74 34 16 59 15 19 4 44 38 13 60 41 39 21 45 62 68 63 10 61 65 23 7
74 50 71 32 45 52 42 7 17 53 56 65 23 47 60 34 41 37 46 9 8 1 48 38 69 70 35 51 28 15 16 72 44 19 73 33 14 75 61 29 49 20 30 10 58 2 6 18 24 39 31 43 66 21 68 55 11 27 4 25 22 5 40 13 57 36 26 54 62 59 63 67 12 64 3
31 52 68 58 65 7 56 60 49 63 35 3 41 42 71 34 54 4 59 14 24 13 22 26 21 73 38 48 46 74 61 5 55 9 25 72 51 33 67 27 8 30 29 11 37 47 2 45 53 19 23 1 57 28 18 64 39 62 40 70 66 36 12 16 50 6 15 75 32 17 69 10 44 20 43
72 30 15 57 45 61 1 26 34 48 11 64 5 53 54 38 12 52 68 10 73 75 51 17 39 42 28 9 3 20 23 2 71 55 63 33 46 37 19 27 7 59 65 14 35 6 18 40 32 16 4 24 47 67 22 8 21 70 66 58 43 60 44 69 31 62 56 13 25 36 50 41 29 49 74
47 34 31 64 18 37 56 36 4 60 55 62 45 44 54 21 70 57 42 68 5 43 15 8 11 33 69 20 12 13 25 40 72 32 9 2 26 3 41 51 59 74 48 22 30 10 35 16 52 38 73 61 27 6 58 66 50 65 67 17 53 1 49 23 19 39 29 71 14 75 63 28 46 24 7
20 2 19 40 30 15 53 70 6 34 65 49 59 17 55 48 8 36 1 23 43 4 7 26 63 58 64 33 75 29 45 72 38 62 44 50 61 41 52 66 10 11 39 21 68 16 32 27 42 28 13 71 31 73 9 57 37 51 56 54 47 3 74 60 5 18 12 67 25 46 69 35 22 24 14
24 20 43 67 35 71 32 13 36 53 11 26 27 8 34 9 55 29 51 14 18 19 60 17 45 42 4 46 39 37 1 59 38 41 16 31 74 57 6 10 3 68 21 48 69 40 62 28 56 25 15 64 52 7 49 47 75 5 63 73 2 54 50 72 58 65 70 23 22 66 44 12 33 30 61
4 40 57 67 23 61 20 25 22 15 12 72 14 36 73 29 10 26 34 3 46 55 11 59 70 60 31 17 75 58 2 52 24 42 21 28 37 54 6 38 74 64 56 66 32 71 30 13 51 9 53 44 47 16 27 35 33 49 41 7 68 39 19 1 43 5 45 8 48 63 62 18 65 69 50
33 30 27 6 64 25 65 23 69 39 57 45 24 62 16 36 40 37 4 58 26 72 54 68 74 15 35 42 9 73 59 28 66 50 56 11 63 60 31 75 17 46 51 7 71 55 34 12 1 19 43 3 18 67 48 20 22 53 21 52 44 49 29 70 13 10 61 5 41 47 32 14 2 8 38
11 9 7 36 22 18 35 40 57 17 75 29 73 32 30 4 33 43 50 48 37 31 34 12 67 58 59 6 47 1 38 10 3 26 72 65 8 45 15 71 25 55 23 46 60 13 14 54 64 51 69 70 53 52 68 74 62 56 63 61 44 42 66 20 49 27 24 21 41 28 2 16 5 19 39
28 46 24 54 33 10 25 19 52 17 26 61 55 71 43 8 47 21 42 59 66 56 32 37 7 14 53 5 9 57 45 2 62 67 63 38 23 65 41 3 12 51 35 48 73 68 16 22 70 4 11 50 15 20 1 36 75 29 69 64 60 27 39 30 49 6 13 31 44 72 18 40 58 74 34
5 26 43 49 58 44 66 59 71 11 17 74 68 16 63 46 15 51 29 3 64 31 20 73 39 42 21 38 56 70 40 41 60 25 18 10 45 35 57 50 27 4 9 54 65 2 32 37 34 36 48 12 53 19 8 7 6 62 61 52 30 28 13 24 69 14 47 1 22 55 72 23 67 33 75
71 15 60 32 20 12 45 36 62 52 28 54 39 63 16 4 3 48 25 58 74 37 65 47 33 38 42 69 41 29 23 26 49 59 7 21 43 64 22 11 53 35 18 5 72 61 14 1 31 68 13 51 75 57 66 27 34 56 19 46 73 40 2 17 55 6 30 44 24 50 10 8 67 70 9
17 64 46 68 54 31 33 7 62 9 35 2 73 48 72 58 25 50 56 63 29 30 8 20 28 55 40 13 59 18 14 10 70 22 6 24 67 69 42 12 52 39 45 74 3 51 27 66 47 16 4 61 38 75 15 34 36 65 53 44 49 41 1 60 23 43 37 57 19 11 32 5 26 71 21
71 38 9 65 4 66 27 58 75 74 69 26 5 45 70 67 31 17 46 51 64 18 44 50 30 21 52 33 72 20 42 12 35 62 23 40 10 56 7 73 49 24 29 48 53 47 1 41 37 68 57 54 6 43 15 39 2 34 61 25 13 3 63 11 28 60 59 32 19 55 36 16 22 8 14

28 73 2 32 54 36 61 12 57 30 9 63 56 34 64 50 44 40 70 22 75 13 8 10 1 33 43 26 7 19 17 25 35 3 20 47 38 41 74 21 48 5 6 24 62 42 15 46 29 23 69 45 60 59 51 18 14 72 71 4 53 58 66 37 39 16 68 27 11 49 31 52 55 67 65
69 8 30 44 33 2 15 3 55 70 72 24 47 52 29 14 62 71 25 63 5 40 4 13 34 21 45 67 73 57 7 74 59 12 28 26 58 68 27 17 50 19 20 65 37 11 75 42 60 18 48 38 61 23 36 46 41 66 6 16 39 22 43 54 10 56 32 1 64 51 31 35 9 53 49
32 16 65 9 14 11 28 60 47 66 51 13 6 61 5 24 33 45 72 40 67 22 27 39 20 31 38 48 25 73 41 1 50 49 36 12 53 62 18 75 2 23 68 42 17 35 19 46 29 56 43 44 21 71 57 55 3 52 10 8 4 63 74 26 58 30 54 69 64 37 70 15 34 7 59
14 37 26 12 24 29 2 60 66 27 33 38 9 18 71 72 55 47 32 7 17 59 46 58 15 36 70 40 6 61 20 3 11 22 5 51 41 31 56 16 65 62 45 4 54 73 23 28 30 1 25 39 53 64 43 21 42 13 74 19 63 69 49 34 75 44 48 35 57 50 67 10 52 8 68
66 74 7 42 13 9 62 23 37 39 53 57 61 8 12 71 46 34 31 1 2 25 69 33 65 54 41 38 18 15 45 70 20 60 68 55 48 26 67 29 22 59 36 10 24 27 52 50 63 58 43 56 21 47 64 16 3 28 14 30 75 11 35 51 73 32 44 5 4 49 19 40 6 17 72
6 8 25 26 24 22 7 59 45 55 34 28 43 18 31 66 68 40 30 10 49 3 1 36 20 60 35 58 57 47 64 50 29 73 37 38 4 42 65 75 12 41 52 69 56 13 70 33 48 46 21 44 23 11 19 16 51 71 67 17 74 9 15 63 27 72 5 54 2 14 53 61 62 39 32
43 26 22 31 59 4 21 64 33 35 56 55 41 18 38 10 37 14 49 47 62 32 66 45 69 72 52 42 57 58 13 3 2 63 16 11 15 1 23 65 50 5 20 48 8 40 60 70 30 6 46 44 61 67 19 75 9 27 7 54 51 73 17 25 71 12 74 53 36 29 39 68 28 24 34
17 43 60 50 64 52 2 1 63 75 66 73 36 31 11 40 23 34 45 3 14 21 55 8 56 54 26 59 33 51 16 69 42 67 37 29 72 44 68 46 5 39 70 10 32 4 30 6 49 58 38 47 35 22 48 41 13 74 18 62 25 9 28 15 19 27 61 53 12 24 65 7 20 71 57
70 48 51 52 46 45 42 12 47 60 64 32 37 62 35 58 5 36 18 1 34 19 27 75 8 50 43 38 29 41 56 31 33 15 39 16 68 74 20 17 2 44 63 40 55 72 53 3 65 61 6 30 26 59 25 21 67 57 23 71 73 10 14 28 49 54 24 7 13 69 22 11 4 66 9
52 62 13 56 12 39 16 59 34 21 8 63 47 30 9 48 73 10 44 11 22 71 70 55 19 46 64 28 40 61 43 20 1 36 57 41 37 38 75 32 31 45 51 58 54 49 4 6 23 72 67 7 15 27 68 74 29 60 14 35 24 53 2 17 42 26 33 69 3 25 66 65 50 5 18
40 38 61 46 2 58 71 1 41 32 72 47 44 10 28 26 20 51 75 68 25 7 5 12 53 30 49 39 27 23 70 60 34 57 56 67 31 43 4 55 24 73 54 52 63 62 50 33 36 3 42 8 6 19 13 17 35 59 16 66 15 11 45 64 29 22 9 18 48 69 21 14 74 65 37
14 3 8 20 32 40 56 41 10 61 28 39 62 73 38 68 66 30 31 54 11 44 53 35 36 22 16 74 49 45 34 7 50 52 12 24 63 29 23 70 75 59 15 46 2 60 42 51 58 55 69 43 65 71 37 33 21 48 1 13 17 19 27 72 57 25 26 4 67 64 18 6 5 9 47
74 23 47 18 11 16 15 55 24 45 27 31 44 17 58 64 59 71 48 32 62 75 30 37 34 49 69 10 39 21 7 9 50 68 8 51 12 38 60 19 41 1 40 14 2 36 28 63 6 20 22 3 13 46 65 57 35 54 66 72 56 61 73 70 67 43 33 4 29 25 5 52 53 26 42
11 66 48 7 73 41 24 32 67 45 38 54 33 46 14 27 75 1 50 47 39 59 13 4 53 35 10 68 16 12 57 31 61 23 55 58 43 72 2 15 37 30 17 42 26 6 20 64 71 56 25 70 49 52 19 18 63 9 40 69 51 8 34 44 5 74 62 36 29 22 28 21 60 65 3
69 44 35 73 23 53 61 2 72 20 41 25 12 47 3 21 29 24 66 18 6 27 7 55 46 38 8 14 64 31 50 68 17 19 15 65 1 59 34 54 67 5 63 71 56 26 32 58 37 70 33 22 62 39 48 43 52 16 10 36 30 11 51 74 4 42 45 57 13 49 9 28 40 60 75
4 38 32 62 50 72 18 63 70 48 43 17 1 21 69 23 19 49 37 9 22 20 53 55 45 25 47 8 65 31 15 10 34 36 71 54 67 51 40 39 30 61 28 12 27 44 68 59 7 75 33 56 35 42 52 46 13 60 73 5 29 3 16 2 58 41 66 26 11 6 14 57 74 64 24
1 14 21 43 56 11 25 19 44 49 4 70 38 69 57 60 32 3 8 29 66 75 54 61 64 51 36 31 50 40 55 9 30 65 74 28 27 53 58 48 5 45 15 2 71 20 6 23 46 73 39 47 18 67 26 34 72 16 63 59 12 13 22 62 24 41 68 33 35 17 42 7 52 37 10
38 51 66 27 15 46 7 45 68 23 50 1 40 55 22 47 3 13 69 73 25 4 18 31 75 41 65 32 12 49 19 2 58 53 60 39 17 9 54 59 37 21 24 57 10 48 30 71 61 70 14 33 56 44 34 64 62 42 28 11 26 5 52 63 74 36 20 16 8 35 6 72 67 29 43
20 14 60 22 29 69 37 16 32 30 38 68 51 73 67 48 66 35 41 61 56 49 74 62 75 33 17 11 54 31 64 57 36 24 72 34 12 26 39 21 52 59 5 7 50 63 47 10 43 28 13 1 25 6 3 2 55 9 8 45 71 58 70 18 27 4 44 65 53 42 46 19 40 23 15
27 70 30 57 33 37 26 44 35 42 29 6 69 10 41 64 36 8 38 54 9 20 65 53 40 3 28 15 16 68 5 63 4 50 14 73 62 25 19 58 23 72 59 11 21 43 66 51 1 22 34 13 18 71 39 55 56 74 46 48 24 7 49 61 75 31 67 17 60 47 45 52 32 2 12
9 7 11 45 24 38 30 58 12 63 1 20 74 25 57 3 50 67 17 62 56 48 49 54 2 51 31 16 59 33 40 42 64 69 66 28 61 72 32 21 6 36 55 35 37 18 53 5 15 60 52 22 26 29 68 41 43 19 34 75 10 73 39 8 47 44 46 23 27 70 71 4 13 14 65
62 21 67 32 36 7 71 73 66 25 53 60 63 54 46 43 31 30 24 50 29 38 52 37 20 59 41 40 58 44 10 4 14 1 75 9 35 3 11 33 12 28 19 45 6 65 8 74 15 72 18 51 2 49 27 23 56 5 61 22 69 57 16 34 26 70 68 47 42 39 13 17 48 55 64
4 23 58 30 51 33 50 8 31 3 59 10 43 61 52 21 75 22 17 15 72 20 7 35 26 49 27 44 39 47 34 73 29 24 28 11 64 1 48 36 55 62 19 14 63 40 9 25 57 56 6 68 71 16 69 41 12 66 67 18 13 46 2 37 60 5 74 53 54 70 42 32 38 45 65
44 15 75 7 71 58 2 35 52 5 25 33 24 18 73 4 29 1 66 34 61 56 65 20 13 8 19 43 53 60 11 62 32 28 69 47 40 55 48 74 23 72 67 41 31 51 54 26 39 3 64 45 50 12 21 36 9 30 49 16 68 14 17 46 38 22 59 70 37 6 27 10 63 57 42
45 48 10 65 56 15 16 4 66 22 41 28 71 63 37 68 3 31 59 50 62 43 9 51 5 60 7 30 19 17 35 14 32 39 61 70 12 53 54 75 40 23 52 8 27 57 21 55 1 25 29 26 67 11 72 36 58 69 46 44 6 18 34 64 2 42 74 38 33 24 47 13 73 20 49
7 46 29 43 54 36 13 8 19 74 1 23 22 2 66 63 51 47 68 65 10 4 67 75 18 41 34 45 52 40 25 48 17 11 6 50 12 73 5 59 69 55 38 56 37 58 39 70 49 53 21 15 60 24 57 32 30 31 3 35 14 9 42 72 28 33 62 27 20 16 64 26 71 44 61
16 66 31 67 5 43 27 61 71 75 23 34 13 57 74 17 41 69 19 20 2 7 39 51 15 35 26 33 40 58 49 59 52 22 60 54 37 44 8 47 64 62 73 9 18 65 29 53 12 45 30 4 14 48 1 46 6 72 11 68 50 42 24 63 32 55 36 28 38 56 10 21 25 70 3
34 3 6 2 29 4 52 30 21 11 50 27 17 57 54 39 60 47 41 25 9 10 59 51 55 42 61 58 32 46 12 64 67 22 44 36 70 56 49 40 15 26 24 72 69 16 45 62 5 73 38 63 28 43 18 75 23 71 53 65 7 31 20 48 33 13 66 14 68 19 8 35 1 74 37
20 19 36 46 9 39 71 26 15 17 41 73 1 5 75 53 65 30 34 69 49 52 27 58 45 31 54 29 60 61 18 48 62 24 13 3 44 56 70 10 33 57 22 25 66 50 67 64 12 72 63 21 6 16 14 68 2 23 35 42 32 40 51 4 74 28 7 55 8 47 43 38 11 37 59
50 18 72 31 6 12 49 45 17 60 21 26 40 57 36 38 58 43 66 8 75 23 52 2 34 27 54 5 74 1 35 30 28 41 63 22 62 3 70 15 55 73 42 71 68 69 7 9 67 16 56 39 20 59 14 47 25 53 13 29 32 37 19 48 4 51 11 64 24 10 46 65 33 61 44
17 66 67 38 65 10 72 53 9 57 18 71 61 43 21 50 2 75 48 34 8 44 4 32 62 30 52 29 73 19 51 64 23 14 3 70 28 60 41 35 47 7 16 5 69 42 24 45 59 20 25 55 49 27 36 1 15 74 11 63 6 40 33 46 58 68 12 22 54 31 37 56 26 13 39
45 27 51 60 47 19 28 38 70 3 43 50 69 18 10 26 49 7 36 66 62 73 75 22 35 30 42 56 48 23 74 54 33 32 67 59 9 5 65 15 4 14 34 44 20 6 71 53 52 13 8 63 29 46 58 12 57 11 41 64 1 40 39 72 31 2 55 68 24 61 21 17 25 37 16
41 25 22 24 71 28 44 51 49 64 32 10 72 23 56 37 12 73 45 70 1 60 39 50 55 62 21 74 20 13 67 6 59 4 69 40 54 42 30 19 36 61 33 14 15 5 3 52 47 35 46 9 57 2 66 68 29 48 26 34 31 7 75 63 38 27 18 65 8 43 17 16 11 53 58
40 51 68 47 64 35 57 12 50 52 7 75 19 15 10 65 29 72 34 71 41 62 46 23 24 66 61 60 74 30 4 20 44 67 27 54 17 21 5 9 70 32 2 25 16 6 73 36 37 38 3 58 8 59 55 63 13 22 49 11 18 39 56 43 28 42 31 14 69 26 48 1 33 53 45
7 64 21 60 18 17 65 67 35 22 9 28 12 69 26 44 71 50 40 63 46 33 27 56 73 23 2 39 70 30 37 15 1 10 29 41 53 62 32 14 6 5 58 66 51 25 42 16 59 19 49 43 47 4 8 11 20 54 57 72 31 55 45 3 38 75 74 24 48 52 13 68 36 61 34
59 71 40 19 58 34 62 23 50 48 27 3 44 57 66 16 37 47 11 70 6 17 73 1 36 5 26 31 4 54 29 28 13 20 42 18 21 65 51 43 52 49 75 41 8 68 33 53 30 9 74 60 7 64 24 38 69 56 25 10 12 45 15 72 32 14 61 46 2 39 63 22 55 67 35
18 35 27 10 74 16 46 63 29 75 52 20 7 47 53 19 70 59 12 54 62 57 5 42 34 65 4 22 49 14 13 58 26 43 68 8 17 56 66 45 64 30 33 73 36 21 38 15 41 69 11 55 23 25 3 37 72 61 31 24 51 60 28 6 32 9 2 67 50 39 71 40 44 48 1
15 4 26 38 47 32 37 72 73 48 28 24 7 14 64 25 41 34 30 35 20 44 51 50 54 36 5 43 70 11 2 60 52 58 65 40 68 17 42 3 56 19 63 74 45 46 27 67 6 39 33 21 75 31 9 71 8 69 62 57 66 1 55 61 16 23 13 10 12 22 53 49 29 18 59
39 1 42 75 2 38 56 61 57 49 32 16 63 35 13 26 52 60 62 24 27 53 20 21 73 28 71 23 33 19 65 17 43 72 29 14 12 34 64 68 4 40 7 30 10 47 3 50 51 22 31 11 45 55 6 25 37 59 66 48 69 41 58 74 8 44 46 36 5 54 9 15 70 18 67
1 65 19 49 59 74 60 71 22 67 36 37 63 12 62 70 40 20 14 50 55 48 3 35 39 43 28 10 38 27 47 29 69 2 8 24 17 58 18 46 25 15 11 72 13 64 4 56 51 31 52 53 6 26 66 7 23 68 33 44 75 41 57 32 34 54 5 16 9 45 61 30 21 42 73
11 60 16 5 69 20 34 28 1 42 63 27 57 55 64 32 39 24 22 71 50 73 35 53 66 61 51 3 41 23 14 18 33 75 38 72 49 2 37 10 58 67 47 6 65 12 45 44 48 7 40 15 74 30 70 52 19 21 29 13 9 68 31 62 36 25 54 59 17 43 4 8 26 56 46
29 73 17 31 40 18 8 37 41 67 23 45 71 9 24 10 7 3 46 57 25 72 54 70 44 58 52 19 35 51 65 33 38 21 5 2 66 16 1 47 74 62 49 59 32 39 55 60 12 34 30 75 26 28 36 4 13 22 68 63 69 11 64 48 43 42 15 50 20 27 53 56 14 61 6
7 61 28 24 39 67 13 31 54 30 71 59 16 17 50 2 74 46 40 57 47 22 75 52 1 36 63 41 73 3 23 69 9 43 19 72 56 25 68 10 8 64 62 66 44 4 11 27 18 53 45 48 55 42 20 58 65 12 33 21 60 32 29 26 5 49 37 6 35 38 14 34 15 51 70
48 54 3 55 17 4 31 8 66 2 59 29 45 26 73 34 38 41 12 27 67 52 61 28 30 14 13 56 16 11 24 72 20 53 33 57 35 9 1 49 50 40 70 75 36 42 58 6 63 46 10 39 22 19 69 37 44 71 25 23 68 7 47 18 65 21 60 64 5 62 15 51 43 74 32
48 47 22 16 52 71 5 56 34 74 3 4 7 2 28 13 55 9 10 46 1 41 75 51 45 73 63 50 64 65 62 14 23 54 39 66 42 18 36 69 67 43 68 61 38 32 31 6 15 57 35 11 21 53 30 29 33 20 8 60 26 72 17 24 27 40 70 12 49 19 37 59 58 44 25
33 41 45 7 69 15 21 36 72 62 55 74 1 17 12 68 10 31 73 28 3 42 25 51 57 40 19 39 60 32 43 4 58 56 26 44 20 63 35 2 5 34 52 27 70 11 14 48 24 8 50 13 47 49 53 37 71 61 18 54 16 64 22 23 75 66 59 65 6 9 29 67 46 38 30
9 70 4 20 12 61 55 1 27 2 6 22 58 13 69 52 37 65 71 10 57 33 29 45 53 40 26 8 11 3 5 72 30 16 41 32 66 31 73 42 49 62 35 54 63 59 15 47 7 67 50 56 25 74 44 24 60 36 14 64 51 21 68 43 19 23 28 48 18 17 39 46 34 75 38
43 54 47 34 72 65 73 53 25 20 35 26 61 39 62 23 51 8 70 14 60 49 66 18 33 59 38 27 17 24 52 30 75 32 45 19 5 44 7 63 13 69 9 74 58 56 64 31 71 50 36 28 22 3 48 37 46 57 11 67 41 29 55 40 15 6 4 10 21 1 12 42 16 68 2
15 22 48 24 25 44 9 74 53 27 73 39 35 68 20 14 42 16 29 6 64 45 55 4 37 12 26 30 33 75 62 69 70 50 46 40 67 10 21 71 58 60 54 23 17 38 7 43 72 66 57 36 63 31 51 65 34 13 61 41 18 59 52 2 5 49 28 56 3 47 19 32 8 11 1
49 73 6 48 13 7 19 5 33 36 26 9 35 66 65 57 70 14 60 28 45 34 27 16 46 11 23 15 38 31 18 43 69 17 71 75 29 72 12 3 67 55 8 32 24 39 10 50 2 53 54 37 44 22 51 52 47 56 59 21 25 4 58 62 68 20 64 42 30 1 74 40 61 63 41
16 6 37 24 46 63 59 26 12 70 21 50 28 41 71 29 42 61 23 34 51 17 13 55 66 35 14 75 31 56 1 27 19 54 49 25 43 65 62 18 67 33 72 30 53 48 40 38 20 4 8 44 73 15 3 57 36 11 52 58 10 69 7 22 64 47 2 39 32 9 68 60 45 5 74
70 54 9 60 71 67 48 73 74 33 69 53 45 75 62 17 46 64 41 37 5 55 49 34 24 28 56 2 35 44 30 39 3 52 26 14 25 8 57 38 13 11 42 4 16 20 7 15 68 50 66 51 36 32 40 1 47 10 43 6 59 58 22 29 72 27 61 18 23 19 63 21 31 12 65
60 33 58 23 9 59 13 31 4 75 32 71 53 43 12 25 11 26 49 27 48 51 46 6 1 40 14 3 42 72 65 74 44 8 41 63 67 10 7 35 47 29 18 68 69 22 61 57 50 56 66 15 36 34 37 54 39 73 62 20 24 30 2 17 28 52 21 45 70 38 5 19 55 16 64
23 19 69 4 16 67 30 32 75 53 45 25 58 64 31 28 36 9 35 12 29 46 18 27 39 15 2 50 70 7 63 59 73 1 41 37 14 52 68 61 62 20 72 42 66 34 33 3 38 22 17 8 47 26 54 57 65 6 40 11 48 71 13 55 24 56 21 43 10 49 51 44 74 60 5
9 20 5 55 23 44 48 62 66 6 7 4 36 59 43 33 50 60 35 1 2 28 61 34 11 68 31 63 26 15 64 8 10 74 39 18 46 47 41 73 57 13 53 27 21 54 16 14 32 51 17 52 42 25 70 37 30 45 29 12 56 65 3 24 69 72 67 49 38 40 71 22 58 75 19
67 48 66 73 38 41 33 35 30 49 43 13 22 58 17 51 47 50 44 59 62 55 23 32 75 27 61 70 7 57 3 8 54 5 45 64 42 12 56 9 28 15 11 71 63 25 18 69 34 46 16 1 53 52 2 6 60 31 26 72 14 74 19 40 37 29 10 4 68 36 65 21 39 24 20
23 62 34 69 21 63 10 68 6 59 18 16 65 75 22 25 31 61 41 56 7 8 57 33 66 2 60 51 4 35 9 29 14 47 36 1 20 48 24 11 5 53 73 54 71 13 19 67 45 28 42 37 30 26 17 15 44 50 49 38 27 40 58 32 52 12 39 72 3 74 70 55 46 64 43
62 2 28 19 59 18 47 54 73 65 63 39 45 17 72 49 8 24 4 26 3 29 66 14 30 23 31 71 58 21 75 55 46 15 37 69 68 36 53 10 7 22 51 42 34 25 70 5 64 11 9 35 60 40 20 67 74 33 57 43 6 38 44 13 52 61 41 1 12 27 32 56 50 16 48
2 63 41 74 3 71 31 50 58 47 67 29 64 1 59 62 6 51 23 28 75 33 35 8 40 25 57 68 56 55 5 19 18 38 48 24 73 17 7 27 13 42 46 70 16 11 61 43 12 9 37 49 15 69 26 39 60 53 22 54 14 32 21 34 10 45 36 52 65 4 20 44 30 66 72
48 33 6 5 19 35 9 31 52 47 10 15 2 23 17 32 53 20 16 63 1 18 7 46 72 30 42 56 50 58 60 71 38 27 4 11 70 28 69 12 64 67 37 54 65 51 8 57 62 44 75 36 68 49 26 25 66 34 14 41 74 29 61 73 21 40 3 39 45 59 13 43 55 24 22
6 71 27 23 31 17 20 30 12 64 10 46 7 15 56 75 53 74 54 21 49 72 67 44 65 28 18 55 5 47 36 60 45 11 42 22 13 14 50 52 51 26 68 69 59 34 58 43 25 24 70 29 19 33 63 57 4 73 41 66 35 38 9 32 61 37 2 48 1 39 3 40 16 62 8
11 30 24 74 64 52 54 60 8 34 17 71 53 68 28 61 70 16 12 62 2 31 13 65 29 7 25 39 48 37 63 51 19 50 23 35 5 32 56 73 69 27 57 45 21 59 4 55 42 20 67 3 14 46 10 36 1 9 33 6 58 38 72 47 18 40 75 26 44 22 15 41 43 49 66
37 61 43 73 74 49 17 70 65 69 4 26 71 25 1 22 47 44 27 8 35 3 50 55 36 30 23 72 53 10 48 7 54 60 56 20 15 6 68 12 9 2 38 62 33 52 63 5 40 28 67 21 57 66 41 18 13 58 64 16 39 51 14 11 24 42 34 19 45 46 29 32 31 75 59
31 70 29 50 25 24 49 75 10 35 47 57 62 37 48 63 64 23 28 36 45 42 54 74 66 27 59 68 18 30 73 69 32 39 60 11 61 14 33 53 51 40 43 20 12 67 41 6 7 13 1 17 56 19 52 72 38 46 8 9 5 2 71 26 22 44 34 16 15 3 21 4 55 58 65
24 4 14 48 29 46 17 59 34 65 25 12 50 68 63 18 33 27 26 69 32 66 35 20 15 52 11 21 57 55 39 19 38 61 43 10 8 60 49 5 22 53 41 7 9 3 64 40 1 30 31 72 51 56 54 6 47 58 70 74 45 73 36 42 62 16 75 13 23 67 2 28 37 71 44
56 45 13 44 8 3 54 28 27 35 74 30 2 17 58 52 34 24 73 61 9 23 59 46 32 5 6 72 12 64 33 43 25 68 47 40 51 37 70 55 18 49 65 48 22 39 41 62 1 36 10 66 29 60 57 75 26 67 4 21 69 20 11 16 63 53 7 15 38 31 19 50 14 42 71
63 44 30 8 70 31 60 53 36 59 71 11 12 29 56 55 50 61 4 2 41 43 15 7 37 48 51 57 62 26 13 47 74 17 66 6 39 1 34 72 65 75 38 14 49 68 16 73 23 10 40 28 9 27 54 64 46 3 69 5 67 45 22 33 58 35 20 52 21 19 18 24 25 32 42
51 71 40 54 37 2 75 58 31 13 25 61 6 27 47 59 30 18 72 70 55 53 32 19 45 38 10 15 52 65 67 62 39 33 74 28 57 9 22 69 20 66 41 49 11 12 8 56 1 29 7 4 50 17 14 5 16 23 36 24 35 68 48 42 44 73 43 3 63 26 34 46 60 21 64
67 70 24 35 42 41 30 34 56 21 48 23 51 14 22 1 50 27 39 38 40 52 2 57 11 49 8 10 73 32 26 17 33 58 59 55 72 5 29 9 62 65 18 20 44 31 54 66 25 45 6 7 36 15 63 12 4 69 13 3 74 28 37 64 61 43 19 46 68 53 71 16 60 75 47
68 51 32 33 26 60 52 44 40 73 21 65 61 5 16 71 56 49 15 8 39 11 36 7 57 66 23 41 47 12 24 55 22 70 34 31 13 2 25 46 69 74 20 63 1 42 45 4 28 27 64 17 9 37 14 58 3 10 35 43 59 48 38 54 75 53 67 18 29 50 30 72 62 6 19
10 53 8 36 50 62 60 4 35 6 49 5 12 31 21 58 38 68 48 27 18 3 71 42 40 33 29 54 59 14 45 13 7 64 17 11 65 26 74 39 57 56 22 20 41 2 16 19 32 44 9 55 70 1 47 61 67 52 72 73 51 66 25 15 23 43 34 75 46 24 30 28 37 69 63
30 33 23 66 32 49 68 6 73 11 20 24 41 13 54 55 70 10 28 63 21 22 35 1 14 39 61 9 15 59 8 52 12 37 26 2 25 3 7 40 60 46 71 56 45 36 4 62 69 65 50 42 51 19 53 29 43 58 27 74 64 5 31 16 48 47 17 18 57 38 67 44 34 72 75
62 56 17 70 40 54 9 15 4 16 24 66 43 69 67 13 65 60 61 49 29 6 25 58 19 38 51 26 64 46 10 42 72 36 35 23 3 41 47 63 45 18 32 33 22 75 30 12 2 27 20 68 14 52 39 59 48 8 5 34 74 37 71 7 28 55 44 21 11 53 31 1 73 57 50
23 25 31 8 47 22 74 9 1 45 21 16 53 48 11 58 29 37 34 49 3 5 44 33 40 10 27 68 41 57 42 15 54 72 26 56 63 65 60 6 71 55 35 52 19 51 4 73 24 39 20 36 66 30 18 7 75 13 61 59 12 38 62 64 28 2 50 14 46 17 43 70 67 32 69
58 56 53 66 11 27 6 55 32 41 65 61 20 9 33 10 7 14 71 31 72 67 54 18 40 59 48 70 49 15 62 21 43 5 30 1 17 37 13 36 64 44 47 34 25 74 63 38 2 39 4 69 12 26 52 3 60 23 24 57 68 28 22 73 29 51 50 35 8 19 46 42 16 45 75