100

56 88 4 64 91 20 34 14 86 43 33 72 87 61 1 76 11 12 31 36 74 85 90 10 37 51 82 45 93 80 40 59 96 8 46 97 2 73 70 99 67 13 58 75 78 84 94 49 44 69 41 17 48 47 98 63 77 24 79 89 29 81 60 95 68 65 30 32 6 53 62 71 18 55 15 3 9 7 100 28 38 16 92 5 19 83 52 22 50 66 26 27 57 21 54 23 42 35 39 25
30 1 75 97 93 85 99 61 45 4 70 53 6 74 25 31 86 81 52 24 57 14 40 58 100 3 12 16 32 34 19 46 60 36 95 11 56 39 13 64 91 18 47 2 68 7 38 71 88 87 62 35 10 33 20 26 21 69 8 80 55 44 27 89 98 72 83 94 15 5 37 96 43 9 92 79 51 23 66 42 59 77 76 48 41 73 50 82 63 28 90 65 29 54 49 22 67 17 84 78
51 65 1 26 34 80 27 57 95 53 39 52 49 45 3 83 31 10 91 88 54 23 11 32 93 35 19 8 17 36 79 44 84 56 58 96 63 64 73 97 28 38 18 43 76 78 33 77 29 100 87 55 94 2 16 5 21 42 47 14 72 13 12 25 98 68 20 60 69 24 9 81 99 6 75 85 59 71 40 74 22 66 48 82 30 90 62 15 70 46 89 61 7 50 92 37 67 41 86 4
3 53 18 43 57 92 95 29 24 94 21 61 46 87 28 15 89 1 39 78 79 8 33 27 97 32 68 82 31 96 100 84 83 52 77 76 98 37 73 19 88 56 25 72 35 74 63 42 14 55 80 16 93 64 69 36 17 44 12 41 51 60 70 4 40 26 99 86 20 75 38 47 59 54 85 23 30 90 66 81 22 11 67 48 45 2 9 7 91 65 49 71 13 34 6 50 10 62 5 58
56 19 40 76 63 61 35 42 78 94 86 52 17 49 43 30 38 88 51 75 87 12 65 71 70 97 41 62 8 84 67 64 54 99 45 13 16 44 77 9 10 89 92 96 100 24 20 29 68 46 37 85 3 93 82 31 90 95 91 48 60 73 21 1 72 74 55 27 25 39 53 4 26 18 22 23 2 47 69 5 7 33 66 57 28 59 36 50 98 14 80 83 58 79 32 15 81 11 6 34
99 20 87 14 28 83 90 7 65 89 49 30 31 92 95 4 82 34 1 78 75 61 13 12 72 15 93 42 69 100 2 45 32 62 26 51 73 63 64 60 77 85 55 21 53 39 79 24 96 44 16 46 68 33 9 11 88 17 47 71 38 25 86 84 76 23 35 8 74 52 54 59 6 94 57 18 67 98 70 5 50 58 43 27 3 36 56 97 40 22 91 41 19 29 80 66 81 37 48 10
25 48 74 96 38 36 43 58 20 30 32 5 9 83 89 27 82 31 50 88 12 94 79 60 1 26 86 24 98 2 64 18 73 71 62 66 6 21 90 11 80 39 8 67 78 85 91 47 55 68 22 29 19 93 87 76 40 77 95 42 51 69 34 10 56 4 61 81 13 97 17 72 14 45 54 75 41 16 84 92 28 100 99 53 46 23 57 33 49 52 44 7 3 70 63 65 59 37 15 35
27 39 49 46 99 37 8 29 51 78 76 9 57 63 95 24 12 84 81 30 10 11 98 20 32 5 40 65 28 92 44 82 38 69 71 73 3 97 62 64 79 85 17 31 56 16 36 4 48 2 52 87 83 55 59 26 6 100 75 54 15 58 34 61 60 70 93 42 23 33 13 80 68 21 74 7 18 14 53 45 35 43 1 66 88 86 96 89 94 47 77 41 19 22 67 50 91 25 72 90
45 40 4 83 64 25 77 59 44 72 52 55 29 53 49 35 57 33 20 7 78 15 39 19 97 56 69 8 54 50 66 89 46 22 21 13 93 88 90 9 37 91 27 81 74 30 11 42 67 80 14 70 95 6 71 28 87 98 26 51 65 18 61 12 73 47 94 24 68 86 79 3 82 5 48 32 31 10 60 100 17 62 43 23 63 75 92 99 76 84 1 16 96 58 41 36 34 2 85 38
82 35 42 75 56 10 29 7 31 51 37 46 2 32 9 99 62 73 58 93 38 76 25 19 72 26 66 4 47 68 96 63 52 77 59 48 89 53 45 85 14 71 50 86 74 91 61 39 43 98 94 41 33 17 87 70 69 95 79 18 23 60 83 13 64 30 100 21 36 65 40 5 34 24 78 6 57 8 55 20 88 80 3 44 16 11 49 15 22 12 54 92 84 28 97 81 67 1 27 90
70 37 69 74 47 77 96 59 8 30 31 1 61 43 98 75 97 34 100 25 33 4 84 12 26 80 53 45 29 87 16 78 62 65 40 57 89 6 50 68 39 21 93 32 28 91 19 17 90 58 60 15 63 73 79 88 86 48 24 64 46 38 44 7 3 52 54 11 94 82 35 55 22 18 66 85 41 42 81 99 20 95 14 49 27 83 92 71 2 56 9 36 10 51 67 13 76 72 5 23
47 18 46 5 78 59 28 56 82 54 92 45 68 50 3 12 33 57 72 85 21 26 53 42 10 41 35 17 99 90 62 66 89 74 44 29 32 71 58 80 65 20 48 37 6 40 93 7 15 60 25 84 51 34 83 97 76 30 39 61 2 79 100 43 75 86 22 63 91 36 69 1 16 87 55 38 27 95 49 70 13 96 73 98 23 4 31 24 81 19 64 88 94 52 11 9 14 77 67 8
47 66 90 34 80 16 88 3 92 4 85 53 45 1 70 27 79 67 19 5 9 87 65 78 81 26 58 100 14 11 22 86 33 55 93 63 94 51 12 25 96 38 41 31 95 30 42 62 10 89 46 75 84 15 13 29 20 24 7 23 83 61 2 39 73 76 48 43 18 28 6 35 91 21 59 98 36 40 60 56 8 69 64 82 50 72 97 17 32 77 37 57 71 52 44 54 74 68 49 99
88 96 24 74 62 1 53 61 13 48 18 43 76 63 98 82 50 19 8 75 47 25 5 22 69 37 78 95 20 89 65 52 87 23 26 73 2 45 84 28 7 59 29 3 44 39 17 40 81 79 77 68 56 12 67 36 93 64 15 55 11 27 51 33 32 90 86 66 49 38 10 94 72 92 97 35 71 54 14 100 70 21 16 80 31 58 85 30 99 4 9 42 6 46 57 41 60 34 91 83
36 50 63 94 51 98 5 90 77 30 42 8 88 62 10 75 83 48 9 92 70 67 54 23 78 40 76 11 25 27 47 81 68 65 89 58 87 35 73 56 6 14 2 99 79 71 41 84 52 13 7 33 18 44 53 91 59 28 3 57 49 29 24 64 38 55 60 61 32 80 31 100 82 1 93 86 15 95 46 26 85 69 37 21 20 72 12 16 97 34 45 74 4 43 19 96 66 22 17 39
96 72 68 39 34 62 36 77 4 6 5 60 67 85 48 3 99 22 20 57 49 19 31 79 42 51 89 26 93 35 38 14 52 25 70 32 90 76 100 56 92 46 13 83 43 2 24 97 8 9 47 61 33 94 81 65 73 75 86 78 50 12 91 28 88 30 15 1 54 45 44 95 17 58 71 55 16 82 80 27 53 66 37 98 59 63 74 29 11 10 23 84 69 41 18 7 64 21 40 87
78 13 83 97 10 26 62 16 40 98 21 69 9 73 88 52 12 66 42 57 11 20 39 17 32 91 2 19 54 36 67 92 47 25 6 58 23 100 44 93 77 85 82 95 37 24 63 29 99 18 53 46 7 45 65 30 75 90 81 70 94 34 3 96 38 71 80 4 41 27 59 22 87 49 5 1 51 86 64 56 33 8 48 60 55 43 50 28 14 68 84 61 72 74 76 31 79 89 15 35
6 33 80 75 8 96 55 11 20 36 34 57 56 19 18 82 12 32 85 24 94 35 68 27 87 90 42 100 1 13 86 23 99 2 17 25 9 26 28 91 38 88 16 49 74 62 7 79 93 89 43 84 77 70 14 64 46 54 59 76 37 73 81 58 92 72 98 65 15 40 3 47 22 66 5 95 4 97 50 41 30 67 45 60 78 48 21 52 69 63 10 44 29 53 83 71 31 61 51 39
36 99 53 97 32 81 37 14 28 21 16 91 34 18 75 94 100 25 59 89 48 70 49 43 79 92 30 62 98 26 54 31 33 90 65 55 8 22 47 42 63 72 39 86 77 27 50 3 38 19 1 83 52 66 88 93 57 12 11 78 45 51 23 69 56 64 44 29 82 9 13 87 35 67 6 85 24 68 96 5 41 80 76 60 10 40 15 46 58 7 95 71 4 84 20 2 73 74 17 61
46 29 4 51 22 68 83 45 27 39 79 18 30 9 31 92 86 73 38 23 47 10 71 65 16 88 26 53 21 87 2 20 84 33 40 78 19 95 99 49 41 14 75 100 70 50 72 54 17 44 48 25 69 34 59 82 42 89 15 77 7 85 64 35 58 57 96 94 98 37 74 63 1 61 24 3 60 55 5 80 56 8 32 81 90 11 52 36 97 43 28 76 13 93 12 67 62 6 91 66
97 89 74 86 35 16 85 100 40 76 41 63 84 25 33 96 70 54 81 69 24 36 17 56 92 19 94 68 77 57 78 98 37 62 13 75 6 9 7 83 10 14 22 4 45 21 53 23 8 5 52 51 65 93 49 90 79 12 26 46 66 27 87 15 59 30 80 3 73 60 28 29 95 47 39 50 1 91 72 82 34 99 11 71 43 58 32 48 88 42 64 38 20 67 2 18 61 44 55 31
61 22 62 48 65 11 68 21 3 32 8 72 97 64 52 7 83 66 87 77 25 35 16 71 2 26 74 57 19 75 93 37 29 81 53 38 63 23 14 99 92 17 10 90 58 1 34 12 91 5 67 6 47 85 73 18 94 28 96 82 36 30 79 98 80 55 41 88 44 89 46 69 86 43 84 13 9 78 54 50 76 15 70 60 42 40 51 95 31 4 33 39 56 59 24 49 100 20 45 27
6 19 99 9 63 45 74 10 5 76 70 28 14 96 3 37 65 43 86 47 44 90 62 11 39 82 26 75 22 17 55 77 27 12 88 69 100 59 48 35 94 36 60 66 64 29 89 21 57 95 97 54 16 33 23 24 58 13 56 1 93 83 20 38 51 2 68 67 72 15 52 50 85 41 25 34 98 49 84 80 40 53 81 46 91 78 8 71 79 87 92 4 73 32 42 61 18 30 7 31
1 5 98 42 32 79 88 16 99 10 13 46 60 30 48 33 26 58 52 73 94 81 6 68 57 50 54 36 83 65 22 56 38 80 19 78 24 29 63 85 7 43 70 67 76 41 25 59 45 72 11 23 90 87 92 97 3 100 55 95 96 74 8 15 27 62 49 71 44 61 20 18 51 66 40 28 2 12 93 75 39 86 89 4 34 84 37 82 77 31 64 9 17 47 35 91 69 21 14 53
57 74 16 5 96 3 21 35 6 50 37 100 17 9 1 47 36 12 4 59 58 83 28 26 10 27 40 81 82 88 62 54 79 51 7 2 94 86 25 53 72 39 63 66 97 65 48 20 77 22 33 23 85 18 55 91 80 24 30 76 29 68 73 11 61 43 87 98 8 34 67 38 41 46 99 15 92 84 31 90 13 69 44 19 71 78 93 70 56 60 52 49 45 89 75 64 42 95 32 14
83 18 19 72 33 50 95 84 91 48 31 7 61 80 74 76 85 58 43 70 17 52 13 32 3 60 21 75 35 90 2 53 94 29 12 51 41 97 71 55 39 4 77 37 34 100 56 15 26 82 25 45 9 78 86 63 62 44 81 38 79 54 5 49 57 22 88 69 93 10 73 92 96 98 89 65 30 47 23 66 42 24 16 11 40 28 8 59 20 1 68 64 14 87 36 46 99 27 67 6
70 41 74 52 64 5 2 72 100 12 29 15 35 84 28 8 39 88 98 18 27 7 46 22 85 60 14 51 50 56 16 32 45 37 26 11 91 73 4 25 19 21 58 93 67 42 62 43 61 20 49 99 48 89 81 24 94 79 6 31 83 30 86 57 54 87 78 82 1 47 53 34 36 44 9 63 71 33 96 76 80 38 90 68 95 55 23 92 65 10 97 3 77 13 66 75 17 59 40 69
16 21 78 59 77 94 3 28 47 29 2 86 20 51 52 22 49 58 75 45 23 89 99 5 26 15 70 97 8 18 33 19 64 9 13 4 10 55 12 44 96 61 62 87 95 74 90 57 73 76 37 1 85 68 69 98 93 14 7 56 81 88 60 54 27 39 91 83 24 25 40 31 32 35 92 48 43 72 30 36 50 41 17 53 67 71 34 66 65 100 63 38 82 6 11 42 46 79 84 80
20 17 59 93 72 33 89 52 39 70 23 97 58 55 74 32 84 31 4 47 10 81 25 73 64 41 42 90 1 30 18 49 35 61 9 11 13 98 45 37 78 19 36 34 67 6 79 54 50 71 24 83 68 43 21 57 38 69 12 62 95 2 26 7 87 86 51 77 28 60 40 14 27 85 91 46 94 82 88 65 56 75 80 92 96 3 22 76 100 48 63 29 15 16 5 99 44 66 53 8
75 35 12 4 25 31 97 79 34 86 42 1 16 36 23 9 21 76 11 18 98 27 64 63 13 56 45 65 43 88 33 37 68 58 26 66 38 19 5 41 74 7 51 67 72 61 62 87 85 2 95 93 99 84 8 17 6 82 3 69 24 49 71 96 48 32 14 91 92 100 81 90 78 50 70 15 10 57 83 89 52 47 54 60 46 20 28 39 73 77 44 40 29 55 53 22 30 94 80 59
71 88 95 31 79 87 52 61 30 16 89 93 12 44 15 82 37 6 76 54 18 13 14 56 97 58 91 46 10 67 53 41 85 8 5 22 17 68 1 69 94 40 35 65 96 75 23 55 33 28 49 66 98 9 50 51 90 7 2 34 92 74 24 27 100 11 43 42 63 84 83 59 25 72 21 73 77 32 4 19 60 39 47 29 62 57 99 36 86 81 64 78 48 3 80 45 70 38 26 20
96 14 42 83 4 65 22 91 49 68 20 94 75 61 50 66 58 28 16 51 17 55 35 86 84 90 72 59 62 47 19 99 36 29 3 26 48 53 23 79 71 87 57 13 97 74 5 60 18 21 92 43 15 45 11 77 46 37 24 54 9 98 64 1 33 2 39 52 63 89 78 40 7 34 95 25 30 67 80 81 38 41 44 6 31 88 10 32 56 70 93 100 27 8 82 12 73 69 76 85
55 34 8 88 16 1 54 91 47 32 84 7 100 65 38 79 78 22 41 19 81 66 76 52 18 75 5 3 61 89 42 36 82 95 28 9 17 64 97 94 51 85 63 29 58 57 23 77 43 49 30 6 67 83 86 12 48 72 59 24 93 11 13 74 87 62 4 33 20 40 45 46 2 39 96 69 60 26 15 35 31 68 73 56 14 53 80 98 25 27 71 92 37 70 44 10 99 21 90 50
22 30 35 31 81 16 98 44 5 7 99 25 93 12 33 92 68 88 8 11 38 52 46 28 21 51 66 55 64 19 42 95 96 80 45 71 63 10 59 48 34 94 4 69 73 17 76 58 50 15 6 1 79 75 20 61 24 49 62 84 85 40 9 14 67 47 32 27 65 23 74 57 89 41 87 43 26 3 91 54 56 37 97 60 18 53 2 82 13 78 83 39 36 77 90 100 72 29 86 70
35 52 54 89 47 64 97 100 32 14 95 91 53 88 24 96 63 90 58 13 33 55 80 73 66 30 43 72 15 84 44 93 49 18 45 17 1 87 69 8 56 82 39 71 27 65 34 99 25 7 98 48 61 75 77 83 37 23 60 74 51 16 19 26 79 29 40 22 10 78 21 12 11 5 3 4 62 59 85 31 57 67 20 94 9 46 36 86 68 50 28 76 92 2 42 70 6 81 41 38
64 20 29 35 55 30 38 93 40 100 32 53 45 50 99 46 77 73 96 98 86 52 16 7 10 88 39 33 90 59 41 70 15 74 42 19 87 82 3 94 23 12 97 22 71 26 44 67 80 25 66 72 58 69 83 79 36 48 62 56 92 54 81 27 75 31 89 43 51 84 60 9 57 5 17 11 61 65 63 49 95 47 14 85 37 34 78 76 18 28 21 4 68 1 6 8 2 24 13 91
11 44 95 58 86 36 96 92 23 69 1 78 10 79 56 34 12 66 28 60 100 25 42 32 59 98 8 65 63 80 3 75 21 50 19 43 61 52 29 31 84 74 39 67 9 14 87 72 33 68 47 89 38 27 5 81 30 55 83 48 35 45 85 57 64 37 26 94 97 73 77 22 18 53 54 99 17 70 62 16 49 82 76 91 20 2 93 24 41 51 6 40 88 71 15 46 90 13 4 7
26 46 80 41 24 38 93 17 87 89 58 36 91 70 29 97 81 20 90 18 51 30 75 50 88 12 23 6 69 86 13 64 79 95 77 35 62 1 82 66 21 61 40 44 98 74 32 100 85 10 54 33 67 19 4 5 9 7 99 76 11 83 56 73 63 3 60 78 39 45 14 2 53 84 37 49 8 52 96 71 57 15 55 59 72 25 47 65 16 34 68 22 42 31 92 94 27 48 28 43
45 41 20 19 5 82 67 62 75 90 2 42 52 1 56 26 64 46 78 58 70 40 73 68 80 89 47 23 3 30 55 44 60 95 36 51 57 92 71 13 9 99 84 27 43 86 98 34 25 83 21 72 96 91 38 66 15 35 79 49 48 31 94 32 11 7 97 39 24 74 4 18 53 29 65 17 59 93 87 14 50 12 6 100 88 61 28 76 10 77 33 54 85 63 81 8 22 37 16 69
56 87 32 91 9 74 52 61 44 80 55 98 100 2 25 34 37 70 31 40 50 4 23 20 69 49 18 94 79 64 16 21 24 36 51 11 53 83 1 66 85 86 95 5 17 7 45 63 82 19 75 60 65 8 76 15 33 81 47 29 43 96 13 48 68 57 22 67 54 39 28 97 38 90 27 58 84 73 59 35 99 89 42 41 78 26 3 46 92 93 6 12 30 71 88 72 77 62 10 14
60 97 29 8 21 94 31 24 46 43 53 19 28 3 32 95 15 12 66 75 74 69 78 16 59 42 91 93 77 34 41 13 22 88 18 73 26 58 79 96 76 54 20 25 14 68 61 27 4 51 80 37 87 2 36 84 62 47 63 82 86 92 90 52 99 44 9 5 6 55 50 64 1 57 33 83 11 72 70 65 40 23 67 48 85 17 30 89 35 10 98 45 56 100 39 49 71 7 81 38
72 9 27 16 43 36 84 75 41 3 50 92 49 33 35 78 93 54 65 91 64 94 28 82 95 37 47 31 11 61 23 2 17 19 20 13 62 52 79 98 46 85 80 22 77 12 55 38 99 56 86 44 59 51 18 71 87 58 90 60 45 88 14 97 24 53 1 83 4 8 15 42 73 26 74 40 5 10 34 66 29 89 69 30 76 81 6 63 67 57 100 48 70 25 39 68 7 96 21 32
52 100 36 88 68 11 98 85 51 37 60 66 39 75 77 74 90 95 54 18 33 10 13 3 40 25 8 92 4 48 42 2 65 71 50 97 67 59 57 55 23 15 24 19 44 27 80 82 76 83 87 41 34 86 70 9 62 79 46 61 21 91 56 53 7 14 63 31 12 35 94 73 22 30 16 81 84 64 58 1 17 99 32 5 93 69 43 20 45 29 78 6 26 72 96 28 49 38 47 89
48 32 28 1 84 69 63 2 94 38 56 66 73 7 42 34 41 61 10 52 15 17 65 51 13 99 23 11 5 55 47 77 85 22 70 46 26 4 80 50 58 96 88 3 24 87 36 31 89 9 86 12 20 27 100 83 92 35 98 6 49 45 90 71 67 93 64 62 74 76 30 79 19 72 18 40 59 68 37 21 14 97 82 16 25 57 39 53 29 43 75 33 78 8 54 95 44 60 91 81
57 13 31 32 59 85 18 40 15 21 34 94 55 12 67 24 51 11 52 28 29 73 100 69 84 3 48 8 92 35 90 87 26 1 20 37 30 49 45 53 97 81 72 17 2 88 14 33 4 5 9 78 70 65 39 75 10 22 74 56 96 83 63 99 41 23 46 50 58 77 6 95 42 76 16 62 86 82 7 89 71 91 66 27 80 47 25 19 68 38 36 79 60 61 43 98 93 54 44 64
21 10 84 47 62 48 69 56 41 51 1 12 80 52 76 89 94 75 83 36 46 26 31 27 87 86 72 9 71 22 2 17 78 92 23 24 4 13 32 68 100 19 34 64 39 65 20 54 99 70 91 67 18 58 82 96 3 97 90 35 79 42 74 16 43 45 14 50 44 93 61 8 60 37 73 29 7 49 88 5 59 40 15 77 28 6 63 55 25 57 11 66 30 98 33 81 95 38 53 85
76 51 48 91 40 69 44 46 13 35 98 47 52 58 3 63 85 74 38 11 37 22 53 39 25 45 94 31 57 75 4 95 81 15 7 71 60 78 68 65 41 93 9 32 6 1 64 26 10 23 54 42 56 2 67 34 55 29 61 92 84 88 27 12 96 30 36 77 82 20 100 14 5 83 62 80 72 17 97 86 79 33 24 19 59 89 99 66 50 87 49 21 73 8 28 43 70 16 90 18
5 28 26 53 82 45 50 67 94 41 36 58 23 25 76 16 86 8 63 55 78 40 11 88 87 64 66 33 72 96 13 12 98 10 49 48 62 3 47 75 77 38 93 59 20 2 39 56 46 99 27 81 70 68 91 51 92 89 30 95 22 100 84 80 37 54 52 21 17 57 60 65 35 1 69 97 73 61 7 18 31 43 90 83 32 74 14 24 44 19 71 15 42 29 6 4 79 34 9 85
8 41 97 95 54 96 24 60 44 3 99 90 93 84 1 59 77 40 89 2 66 71 36 38 94 19 82 65 55 46 80 6 63 32 42 88 61 10 57 16 30 22 76 53 85 48 51 7 81 15 47 14 78 92 31 56 11 26 5 20 37 62 9 91 75 33 68 21 25 64 4 70 23 34 52 58 13 79 87 67 49 35 69 73 18 83 98 39 29 28 12 74 43 72 50 45 17 100 86 27
79 82 91 73 76 88 7 84 93 38 21 72 97 60 62 1 53 30 56 27 54 5 48 45 14 58 4 92 44 19 32 18 85 75 59 95 22 81 6 23 69 40 42 46 15 100 2 66 16 10 90 51 94 28 78 89 12 24 33 36 41 17 99 9 50 29 86 25 11 37 43 13 20 70 3 35 65 77 31 68 34 52 87 63 67 61 39 96 74 47 49 8 64 98 83 71 57 26 80 55
50 61 49 76 8 38 67 80 6 13 41 31 52 98 93 66 74 56 4 94 29 58 40 70 15 85 30 72 23 69 96 19 84 65 28 54 63 45 25 43 47 37 57 27 42 14 34 22 2 18 46 77 39 82 16 68 90 75 32 73 60 86 78 7 35 24 95 87 83 71 89 62 92 12 17 33 5 51 11 10 20 1 3 21 53 36 59 100 9 44 81 97 88 55 48 99 64 79 91 26
98 24 56 22 71 45 58 40 57 82 6 4 18 46 15 69 31 25 62 77 90 26 28 95 2 14 78 91 97 63 8 1 70 64 66 17 43 94 41 12 7 84 59 27 33 85 51 19 54 96 3 21 48 20 39 92 11 93 34 32 37 53 5 52 36 79 68 100 67 89 74 72 60 9 76 35 10 87 47 49 65 30 13 83 88 61 80 55 50 29 42 99 44 75 73 81 23 38 86 16
3 32 7 64 86 38 53 66 2 6 76 68 57 93 34 91 33 1 69 46 61 43 25 29 4 19 42 52 5 59 22 54 65 87 100 39 96 15 17 83 20 84 88 94 80 78 41 31 48 67 10 13 14 72 9 73 45 28 82 98 97 55 58 92 74 18 44 60 12 89 50 49 40 77 30 23 51 81 26 24 75 90 8 71 35 36 62 63 16 70 95 47 21 37 11 27 85 79 56 99
30 84 21 91 53 57 92 80 28 59 94 42 78 62 82 70 7 85 32 83 98 29 96 88 90 68 50 74 97 77 71 24 15 38 100 12 76 44 9 23 81 73 41 52 26 49 13 36 89 5 1 35 11 95 61 40 56 67 31 8 17 99 87 22 3 34 47 66 45 58 51 43 33 79 72 6 63 65 2 75 46 10 4 86 18 55 64 54 93 60 20 37 39 19 27 48 69 25 14 16
34 45 48 70 25 30 17 10 26 73 39 51 60 69 53 43 98 2 54 32 92 96 93 97 64 84 5 38 47 31 3 52 99 95 15 77 78 8 11 82 19 80 67 35 61 20 76 87 9 100 13 12 29 59 27 24 58 55 6 72 4 56 63 85 91 89 40 14 83 74 50 42 66 16 62 86 36 21 28 90 33 71 44 37 75 94 46 79 7 81 41 57 23 22 49 68 1 18 88 65
38 18 36 30 51 44 78 56 7 42 98 23 66 70 89 58 22 69 93 16 100 74 83 95 88 4 86 9 15 94 34 45 41 82 6 43 71 63 50 76 55 68 12 65 84 28 24 61 60 10 97 54 3 92 75 37 52 96 1 73 53 87 64 77 27 17 2 35 79 11 14 32 90 91 80 39 5 57 59 21 85 26 20 8 48 25 62 31 13 49 47 99 72 40 29 46 19 81 67 33
46 68 92 61 95 70 97 32 62 54 55 79 81 56 100 69 75 13 51 35 40 67 42 28 57 25 58 49 14 10 66 98 34 84 48 12 53 85 20 52 64 89 30 4 59 15 76 18 80 96 24 82 78 74 23 50 44 90 9 72 71 94 43 3 36 29 21 93 31 5 26 86 37 83 99 11 33 38 39 91 45 87 19 16 60 8 88 22 2 47 65 73 63 17 41 7 27 6 77 1
63 3 66 57 55 89 23 7 41 35 47 36 19 42 62 9 67 56 90 94 34 38 33 48 53 21 29 12 45 87 98 24 100 8 86 31 84 40 15 72 75 49 20 73 13 14 92 71 95 61 27 68 17 65 83 11 44 91 10 96 80 32 1 76 78 28 25 16 82 30 6 70 46 81 64 22 79 43 54 97 4 85 93 69 60 18 37 99 74 52 2 88 59 51 77 58 50 5 39 26
98 33 96 20 4 55 59 53 16 43 63 85 86 62 31 38 29 67 82 84 51 56 74 60 34 10 78 7 88 45 71 97 54 32 40 46 23 24 28 52 77 22 1 90 91 69 36 70 13 48 80 61 76 58 12 50 92 94 26 17 5 66 14 30 49 65 9 57 87 2 64 72 75 11 15 68 93 37 100 21 83 79 89 27 99 19 6 47 95 44 81 73 18 35 42 39 41 25 3 8
64 70 31 84 45 99 29 30 79 16 36 51 28 63 13 95 44 73 96 75 56 41 12 59 25 67 65 98 2 8 97 60 92 48 91 57 93 21 82 42 55 89 39 76 43 68 20 4 85 52 17 61 32 66 81 94 27 53 34 49 69 9 11 24 19 38 3 23 35 5 1 72 54 86 7 47 80 15 6 100 10 87 74 40 90 88 71 14 83 18 62 46 78 33 37 26 50 77 22 58
93 35 88 1 30 94 95 58 39 4 76 65 87 10 50 69 24 70 34 83 42 51 75 13 38 23 12 98 66 41 25 85 5 29 74 52 9 49 37 89 82 80 84 36 71 31 40 28 20 26 68 54 99 3 47 7 33 100 27 77 57 18 60 11 62 32 55 15 56 48 19 92 46 44 97 43 90 8 45 21 67 59 6 22 2 86 17 78 16 73 79 81 14 63 53 72 96 91 61 64
97 26 59 64 85 77 29 76 54 19 17 27 31 13 73 48 21 37 9 55 6 82 18 30 34 51 79 89 80 91 63 10 83 90 62 32 81 65 16 24 44 36 35 40 50 52 3 47 67 42 1 58 38 96 74 15 39 5 86 45 41 20 100 43 87 57 8 56 75 7 71 99 78 23 93 12 95 28 60 2 72 98 84 70 69 88 49 11 68 53 61 25 92 66 33 46 94 22 14 4
4 21 3 73 89 75 39 18 54 58 2 71 36 92 97 50 84 94 55 68 79 12 42 76 65 82 15 37 25 20 74 47 62 14 51 26 29 64 48 32 17 86 27 63 100 53 81 57 56 23 13 59 41 69 1 80 83 6 34 31 67 98 90 45 87 91 78 70 24 35 33 16 5 38 44 66 60 28 85 49 77 40 46 88 43 22 30 8 96 19 61 93 7 11 9 72 52 95 10 99
37 100 9 4 47 73 45 76 86 91 89 19 44 72 97 27 2 87 82 78 48 66 65 61 6 3 94 99 33 71 75 96 12 63 56 25 5 49 23 64 7 70 10 85 52 79 24 20 8 34 68 55 39 14 32 59 42 83 17 74 41 13 11 84 36 16 95 15 90 98 53 38 40 54 46 60 1 51 80 67 22 31 77 28 29 93 62 88 21 92 43 18 57 81 69 50 58 35 30 26
83 84 33 25 2 88 60 94 8 26 70 85 63 55 29 5 21 59 99 37 4 79 41 56 91 13 22 3 15 50 93 23 34 43 35 74 42 12 66 76 17 1 89 62 69 98 47 45 78 95 54 40 82 96 10 64 87 65 31 80 32 92 24 38 73 61 20 72 48 100 14 67 39 75 28 77 44 9 27 90 46 81 53 49 52 58 97 36 30 11 18 19 71 7 16 86 6 51 57 68
95 40 39 66 89 72 91 61 9 54 44 68 34 80 33 32 53 26 10 74 48 6 38 42 76 24 55 8 51 60 56 27 46 57 23 18 97 63 2 87 1 90 59 30 58 13 82 3 20 93 96 19 67 29 31 75 21 50 81 45 35 16 25 36 100 92 11 49 17 22 7 14 73 64 85 84 94 83 70 65 15 12 28 69 86 62 43 98 5 41 4 37 77 71 52 79 47 88 78 99
96 86 95 73 15 56 89 84 77 91 52 80 75 63 41 36 92 76 3 79 11 5 24 21 31 48 43 22 17 68 49 51 28 60 59 18 16 10 35 53 70 54 69 98 88 61 14 44 13 34 19 47 40 27 8 20 94 74 7 50 93 99 12 29 46 9 72 81 87 37 33 6 65 82 85 42 4 57 26 45 30 55 97 100 62 66 67 23 1 71 90 2 25 78 64 39 32 58 83 38
17 93 11 89 10 42 40 62 85 15 97 39 47 50 33 79 8 63 13 100 96 90 12 41 73 29 95 80 98 49 74 35 81 31 82 71 3 46 94 2 60 18 84 7 52 36 86 25 37 68 4 75 99 64 24 48 16 91 77 78 57 34 67 21 54 5 22 65 69 53 61 70 28 66 87 27 59 9 72 88 38 83 44 20 14 23 26 43 30 76 92 32 55 56 19 58 45 51 1 6
43 64 6 40 76 2 89 4 53 33 92 29 82 81 68 70 77 16 31 18 71 7 85 26 58 23 42 25 83 3 99 65 13 55 74 30 59 60 51 39 66 61 80 57 94 98 52 9 95 14 72 10 50 32 12 45 47 100 84 56 22 21 44 20 27 54 17 15 48 34 90 5 69 73 97 49 38 91 24 1 36 67 79 75 96 88 86 63 37 46 28 11 87 19 41 62 35 93 78 8
4 80 25 6 85 37 29 30 66 45 98 19 8 69 95 92 28 81 63 9 43 40 54 36 41 17 7 44 42 75 77 99 96 65 11 59 2 1 46 47 15 76 24 70 48 55 60 68 67 10 79 52 97 62 56 35 20 49 57 94 64 74 18 21 38 58 93 51 84 3 23 27 34 71 82 87 91 31 16 50 26 22 39 78 32 72 14 100 86 88 61 53 89 90 5 13 73 12 83 33
11 43 75 23 20 83 30 6 10 56 52 99 22 31 58 62 51 63 54 78 65 70 95 48 74 80 64 93 97 81 46 79 59 90 7 27 77 21 5 1 98 25 8 67 15 55 88 66 68 96 19 40 82 17 71 26 36 44 41 42 61 35 37 24 29 91 57 13 73 3 100 34 33 39 38 12 69 49 94 89 47 32 85 53 84 92 72 2 9 87 28 18 60 16 14 76 45 4 86 50
87 47 55 43 42 51 90 27 32 61 8 70 44 100 88 37 14 28 86 19 59 64 50 45 26 10 63 85 23 97 75 57 34 11 56 99 68 38 41 80 71 7 54 94 81 95 33 92 98 35 3 15 40 60 30 13 74 76 12 73 6 49 65 46 52 20 72 31 18 91 96 79 25 16 17 36 77 93 22 82 1 48 67 24 78 9 4 84 69 29 83 53 89 66 21 58 62 2 39 5
10 89 66 69 84 58 20 12 96 43 81 65 82 15 99 90 16 19 5 8 34 78 56 27 59 17 72 11 38 67 60 61 45 100 94 6 37 26 51 14 46 85 49 13 3 77 2 35 86 52 92 1 97 30 53 42 71 73 9 22 64 41 91 76 24 83 95 33 79 50 48 39 18 57 4 36 80 7 74 31 98 87 44 25 70 62 55 47 29 28 32 88 68 54 23 93 40 75 63 21
35 31 87 95 97 49 41 38 52 43 18 23 10 76 6 79 27 85 54 22 93 94 56 3 71 84 29 36 11 75 58 80 51 14 39 13 82 37 100 8 17 42 81 73 47 72 65 7 15 64 83 28 96 30 55 50 48 24 34 5 70 4 59 68 63 33 20 40 77 32 62 61 88 69 78 2 60 74 26 99 46 19 21 92 53 86 45 1 89 9 91 67 25 90 98 12 57 44 66 16
33 77 15 25 83 1 6 59 49 40 8 80 43 9 87 60 95 54 18 12 61 7 26 30 42 51 86 24 38 19 32 82 90 84 99 97 55 91 4 81 57 93 98 96 88 50 100 79 62 44 56 46 31 11 27 17 47 22 2 45 74 73 68 94 76 23 52 72 39 66 29 71 48 75 37 36 41 89 67 21 3 65 35 28 13 64 53 34 92 70 69 85 58 78 63 14 16 10 20 5
65 98 3 49 74 51 50 35 92 44 93 2 20 85 58 17 31 82 11 89 45 88 70 30 28 55 71 16 34 57 68 12 60 24 97 90 87 66 56 8 14 77 73 69 86 4 18 13 38 53 41 48 46 67 83 62 1 81 96 5 75 9 80 100 6 29 61 59 7 54 26 47 84 39 43 23 15 63 95 22 10 27 99 72 79 33 78 36 37 32 25 76 40 21 64 42 19 94 52 91
27 86 33 74 24 49 57 58 38 7 83 65 14 40 82 17 67 60 23 21 18 20 8 6 46 56 77 93 1 2 98 63 35 45 92 73 51 31 79 59 68 78 3 76 43 4 26 87 47 13 5 37 64 96 42 36 15 12 61 25 41 39 54 99 50 44 88 53 70 48 29 66 72 19 16 52 11 10 100 97 9 30 94 62 85 95 90 55 91 80 32 22 75 89 84 69 34 71 28 81
55 33 49 97 100 25 23 22 64 85 28 9 59 93 14 37 24 19 82 12 61 6 62 65 41 84 30 40 16 44 43 74 15 72 2 95 34 70 68 60 5 4 7 80 57 45 66 86 96 39 73 58 42 31 87 47 89 81 67 52 94 54 36 51 1 3 56 53 11 26 13 91 29 71 32 8 18 10 35 20 27 88 75 48 99 76 63 90 21 17 98 38 46 92 50 79 77 69 78 83
80 96 67 34 9 68 72 78 59 17 16 60 92 46 75 43 79 41 83 20 38 70 74 62 81 31 63 10 18 58 33 37 32 94 97 57 13 55 86 47 21 61 51 39 1 3 11 22 54 23 50 5 66 36 42 4 35 73 52 82 30 99 40 28 27 56 19 95 84 98 100 25 45 29 26 91 90 12 65 14 88 44 64 49 15 48 7 2 87 69 71 76 85 53 77 93 8 89 6 24
67 70 8 58 59 31 47 16 28 51 86 45 93 87 54 10 15 25 19 33 29 66 60 44 9 65 24 56 63 95 80 84 7 20 69 21 32 78 88 22 57 82 6 35 76 81 73 23 30 79 97 12 37 85 2 94 4 18 92 13 40 11 36 49 61 46 83 55 38 77 41 14 72 100 75 99 5 43 3 26 71 89 39 1 64 50 27 48 90 52 96 17 98 62 74 34 91 42 68 53
20 19 96 21 8 79 5 34 61 1 64 31 95 72 80 54 47 88 90 44 45 55 40 28 11 58 67 35 23 94 14 15 100 63 93 71 41 13 50 78 10 57 32 9 60 2 69 17 77 33 25 70 91 65 30 36 12 73 68 97 29 92 83 16 66 76 87 48 27 75 52 37 59 4 98 39 62 43 26 22 7 18 99 56 53 38 89 82 74 3 51 85 46 24 49 86 6 42 81 84
88 38 25 47 46 13 26 50 56 12 98 5 64 81 73 36 4 94 90 55 6 40 20 49 15 2 53 48 14 28 69 93 1 39 83 17 51 44 58 27 70 16 66 42 65 32 18 91 71 79 62 99 52 24 11 86 87 61 29 85 57 63 60 96 76 35 21 8 43 54 77 72 9 37 82 84 74 31 59 19 95 34 23 41 33 97 92 45 10 67 68 22 30 80 7 89 100 3 75 78
7 10 12 33 32 77 47 100 56 6 70 37 89 21 55 61 13 15 75 3 57 64 42 44 78 16 84 27 11 17 58 2 97 30 81 51 43 29 80 65 76 98 92 82 41 48 23 72 53 4 31 14 39 62 96 66 26 22 79 85 34 54 93 99 38 90 36 73 35 5 8 60 25 18 28 63 69 19 86 50 9 67 88 83 40 68 71 95 59 74 94 45 91 49 24 46 87 20 1 52
52 58 96 76 56 17 10 33 46 24 14 53 57 32 13 73 66 74 36 22 86 9 68 15 31 78 100 90 7 6 98 84 87 50 20 94 39 23 64 92 60 85 40 35 62 45 48 41 12 83 81 93 47 43 99 82 30 38 8 70 5 97 42 29 49 95 61 21 28 55 91 37 44 51 11 54 79 59 75 2 16 4 88 71 34 26 25 19 1 63 3 27 89 69 72 80 65 77 67 18
29 53 84 6 47 33 70 27 87 94 17 66 97 62 80 24 20 50 82 98 65 28 51 21 56 93 8 3 57 38 36 67 92 11 96 16 5 83 86 54 9 30 68 23 44 58 2 14 31 55 35 26 91 89 18 48 41 10 13 81 79 1 59 60 90 12 46 78 74 72 95 7 85 99 25 22 49 40 63 37 61 88 45 15 75 19 43 100 39 76 77 52 64 42 69 34 4 71 73 32
7 54 51 100 59 81 2 71 48 30 93 90 22 34 67 97 8 49 78 96 82 42 70 84 44 31 58 14 47 98 91 56 5 79 86 24 12 87 99 60 83 35 32 4 72 3 64 76 46 89 50 11 41 23 80 21 62 26 77 38 73 15 1 68 33 95 88 52 20 13 85 65 63 53 40 29 17 27 19 18 36 55 92 6 37 43 45 9 94 74 25 16 39 61 69 10 57 28 66 75
2 24 46 93 36 97 76 88 57 17 60 6 23 84 53 21 74 85 67 37 82 87 40 69 72 61 14 78 33 92 80 9 90 59 44 26 32 11 41 19 89 58 94 27 65 50 79 86 13 38 39 52 16 77 63 42 96 15 73 64 75 49 83 43 25 55 48 51 99 81 71 7 66 62 30 70 34 68 95 4 18 28 45 56 31 98 1 91 12 47 8 100 29 54 20 5 22 3 35 10
78 76 16 98 39 77 82 55 94 61 57 6 88 66 52 46 12 35 24 34 68 72 8 14 22 70 20 75 23 9 42 30 4 27 90 28 33 92 93 64 11 13 58 80 81 7 17 69 89 67 37 83 25 84 65 45 54 47 50 60 15 19 71 59 48 62 99 10 100 85 2 26 5 79 31 87 95 43 96 1 44 29 32 38 40 97 53 86 21 18 73 56 49 63 91 36 74 3 51 41
69 89 49 52 26 20 6 4 68 99 37 56 28 61 13 9 1 42 36 97 62 75 39 7 63 64 73 88 2 91 57 29 77 92 34 41 51 70 16 80 96 74 40 87 8 11 58 55 79 10 22 35 100 71 84 32 50 47 46 45 82 83 43 30 21 24 38 53 27 25 33 18 14 54 3 86 60 23 15 94 66 31 98 95 93 67 17 59 81 12 65 19 85 44 76 90 72 5 78 48
10 24 39 6 34 71 61 77 51 100 69 68 86 45 79 48 94 58 70 3 83 15 1 65 72 49 75 42 7 11 16 12 17 97 80 78 98 99 32 76 96 67 66 27 22 84 92 13 4 36 20 50 44 26 5 53 23 8 93 43 56 25 62 31 73 90 64 9 82 35 85 18 14 38 47 54 46 60 91 88 87 21 40 57 29 30 81 19 37 95 89 52 28 63 41 74 33 2 59 55
51 34 35 84 25 60 83 32 79 72 76 86 80 58 12 52 69 74 22 49 81 59 66 37 61 46 20 77 16 65 94 2 99 87 4 53 6 30 8 7 93 26 18 75 62 85 100 38 45 71 44 82 50 14 90 73 31 15 97 48 95 23 91 29 70 9 42 19 27 36 55 24 56 47 92 64 1 54 17 98 33 28 78 67 88 5 39 89 11 63 40 21 41 43 10 57 3 96 68 13
6 66 37 95 30 88 81 56 35 68 24 39 74 92 16 61 4 49 3 79 54 8 7 20 77 55 57 40 48 22 97 19 84 69 82 60 17 21 72 47 62 93 14 33 34 25 65 43 80 18 87 13 98 5 53 99 85 44 91 12 94 73 100 89 70 41 29 11 50 42 51 2 46 9 28 27 76 15 32 67 75 45 86 10 90 78 52 63 23 31 59 71 1 83 58 64 26 36 96 38
71 91 77 25 72 24 94 97 73 100 64 22 92 32 79 45 41 69 29 58 62 21 30 47 31 88 2 13 43 80 84 76 46 33 87 38 37 42 93 81 70 99 89 14 82 51 53 3 23 6 75 86 40 60 19 36 55 54 20 16 68 15 26 10 35 90 28 59 49 12 57 96 66 65 17 27 85 7 5 61 1 8 67 18 48 98 50 83 9 39 11 78 44 52 63 56 74 95 4 34
50 91 9 60 37 57 52 88 77 36 5 51 95 48 53 38 7 16 14 65 67 12 70 8 41 96 85 20 94 2 73 32 80 17 19 89 10 99 40 84 55 71 39 97 44 3 49 29 75 24 87 64 72 13 21 6 58 34 46 79 30 74 42 43 93 98 78 61 76 28 83 86 45 47 23 68 81 69 35 4 90 63 31 25 54 59 15 33 11 26 82 66 27 100 1 18 92 56 62 22
52 62 99 95 49 100 34 75 80 69 67 13 12 23 77 63 41 37 30 5 61 26 8 51 88 15 17 11 7 66 74 31 72 48 93 84 81 78 29 28 64 24 35 65 27 70 18 87 90 33 79 46 57 42 14 16 36 40 60 2 39 47 58 53 94 6 9 83 76 59 21 82 43 20 73 19 4 50 22 86 71 56 1 68 85 44 25 89 91 55 92 38 3 45 96 32 54 98 10 97
3 86 57 43 8 39 46 60 48 99 29 100 69 92 79 50 71 72 64 14 77 87 40 68 51 56 12 90 15 58 55 34 38 80 91 52 25 37 89 2 62 11 65 70 20 13 32 88 26 85 61 5 30 75 44 24 54 36 59 45 82 18 49 27 21 53 31 74 19 4 7 9 6 73 42 76 47 93 81 94 23 10 98 96 67 16 78 1 28 35 83 84 41 66 22 17 95 33 97 63
77 88 97 100 40 91 27 59 69 85 94 78 37 16 25 99 36 95 72 5 55 7 44 53 63 49 62 22 20 38 92 1 47 90 45 50 51 35 10 80 61 32 56 73 75 11 13 19 98 34 6 60 14 41 71 86 42 84 65 79 67 21 12 17 8 83 30 76 93 43 4 3 87 52 28 96 81 66 18 58 29 9 64 57 33 46 26 54 2 15 48 24 39 74 31 89 82 23 70 68
40 55 69 2 5 14 89 38 50 41 61 48 78 31 75 11 81 88 46 20 33 29 4 91 43 100 32 82 68 15 87 19 84 57 13 93 6 1 90 54 86 76 42 39 28 35 47 64 7 51 63 22 8 18 98 26 97 71 27 24 30 9 12 66 23 95 3 45 37 53 99 62 74 25 44 58 85 56 59 92 77 17 10 49 60 67 72 94 70 16 34 73 65 80 52 79 21 83 36 96
6 64 50 52 93 62 31 80 72 21 73 96 94 79 54 22 24 65 98 39 37 97 4 43 76 67 14 66 81 55 35 89 11 78 32 77 3 1 53 44 9 26 15 28 42 60 10 2 40 74 68 57 12 83 36 33 13 16 48 46 27 70 19 58 17 86 88 30 61 29 91 59 51 23 47 92 82 95 18 84 90 63 5 87 71 56 25 7 85 8 20 45 100 75 69 34 38 99 49 41
13 35 42 34 58 14 45 6 57 10 5 69 76 47 40 61 26 24 82 21 100 70 71 66 17 80 41 36 55 75 54 16 48 2 79 7 18 30 90 93 92 86 33 85 43 25 4 87 52 74 56 49 12 95 97 23 19 46 91 20 68 9 78 64 94 29 83 65 53 3 98 32 28 63 39 51 67 72 88 81 1 44 15 27 50 84 96 89 99 77 11 38 62 59 22 60 8 31 37 73

80 21 12 85 66 11 78 93 77 4 1 68 16 31 19 52 8 79 34 88 57 61 70 71 90 92 41 28 45 62 81 54 7 63 65 24 39 2 87 67 9 5 27 49 18 48 25 51 35 3 56 44 14 50 83 91 95 84 43 53 10 37 72 96 64 69 94 73 23 26 20 76 15 46 33 13 40 99 86 97 6 59 22 58 60 17 42 38 30 47 55 100 89 32 29 36 82 75 74 98
14 39 85 3 11 59 92 79 70 82 26 68 25 91 77 21 50 97 99 87 6 15 80 2 58 45 40 46 66 89 83 51 47 88 9 55 90 12 10 75 81 62 24 53 86 5 31 64 17 61 23 100 36 96 29 16 65 4 67 63 32 54 30 78 13 73 41 35 18 37 22 33 57 69 60 84 48 43 76 20 71 95 34 19 94 42 49 38 56 7 52 44 8 28 1 27 72 93 98 74
58 91 81 3 98 14 24 35 63 77 8 95 4 66 21 71 22 26 41 69 17 88 89 87 53 83 16 62 30 100 99 2 84 34 86 75 29 68 50 37 46 7 57 96 49 92 64 39 25 38 61 90 82 12 11 55 85 56 40 20 28 94 54 70 76 73 44 72 27 60 45 67 9 80 18 78 48 51 74 13 43 59 52 33 31 32 47 5 97 6 79 15 65 36 42 10 93 1 23 19
52 7 14 86 90 22 16 87 66 64 37 100 70 53 17 12 18 63 73 11 32 88 48 35 57 99 8 47 15 95 98 68 78 96 1 44 75 13 62 39 89 43 79 19 27 65 9 30 84 69 28 21 41 56 46 58 45 91 5 20 83 4 81 60 85 67 97 74 61 76 3 94 59 34 33 31 2 10 36 82 6 55 29 24 38 25 50 77 49 72 51 23 26 54 80 40 42 71 92 93
88 3 55 27 1 32 74 95 75 26 41 60 66 83 6 86 76 21 65 81 12 34 68 97 33 8 13 72 58 36 79 78 56 70 44 87 57 82 67 100 7 92 71 47 22 35 29 77 54 24 30 43 90 46 9 98 23 45 61 84 80 4 15 40 73 94 10 93 69 51 14 63 96 62 25 5 28 50 91 48 16 52 59 19 2 38 85 17 49 64 11 39 53 31 42 37 18 89 20 99
86 74 87 40 24 50 88 70 58 73 9 18 13 27 22 59 97 93 32 99 49 51 71 2 23 28 62 33 17 26 56 68 61 14 77 53 60 76 20 43 79 15 7 55 44 46 57 37 80 92 8 69 16 90 65 30 91 89 19 98 36 100 10 96 72 4 95 12 52 34 63 35 39 29 82 47 83 81 85 25 11 84 64 75 78 41 31 42 5 94 1 67 66 45 3 54 38 21 6 48
66 84 74 18 70 36 54 26 11 77 15 37 31 2 50 43 25 94 27 87 17 9 55 35 24 85 96 52 6 92 16 83 45 62 38 49 40 59 53 65 13 46 20 100 69 12 39 97 79 75 21 48 29 1 3 89 95 23 32 60 8 57 73 63 82 33 86 91 61 51 68 19 47 64 41 71 90 78 28 98 93 76 58 67 88 30 7 22 14 34 4 80 44 72 81 5 10 42 99 56
30 82 43 87 44 35 38 26 67 40 84 90 20 63 6 32 52 18 78 28 99 53 8 95 2 55 39 37 65 31 76 29 81 74 16 88 54 93 27 22 77 58 19 72 57 42 79 48 45 17 13 15 12 4 64 91 14 10 70 25 33 9 51 86 85 41 66 80 83 56 61 3 68 36 94 89 21 60 24 49 96 98 23 59 75 97 73 5 92 71 34 1 50 11 100 69 46 47 7 62
73 79 9 30 47 31 18 38 3 24 11 100 20 94 85 45 86 56 16 25 37 75 81 96 10 15 89 54 91 74 17 61 84 80 69 87 5 64 65 97 57 29 19 62 13 39 1 98 40 48 63 26 6 72 33 43 70 35 67 44 76 60 32 42 99 68 71 82 14 92 66 53 77 27 2 23 7 90 12 21 93 58 4 95 41 55 83 49 36 52 34 28 8 78 50 46 59 88 22 51
7 90 39 56 68 60 53 61 41 70 72 44 21 79 34 66 86 38 30 10 75 91 92 50 47 15 17 84 99 4 14 87 94 23 77 42 88 3 43 51 82 98 57 71 100 6 5 29 81 19 63 1 93 89 62 96 52 55 54 48 85 27 36 18 13 40 9 80 35 31 74 20 8 83 58 24 65 12 97 69 16 25 28 11 64 76 37 32 33 78 73 59 26 49 67 22 45 95 2 46
1 25 32 59 29 27 62 37 100 11 51 89 5 95 97 16 3 55 52 10 6 91 48 17 18 87 36 12 74 44 47 64 24 45 33 69 8 94 65 9 96 15 93 26 66 46 88 76 58 30 22 38 54 99 23 92 42 20 68 7 82 84 56 39 80 75 61 63 34 83 60 73 21 98 50 90 85 81 70 77 72 49 14 41 19 57 79 53 35 40 28 13 4 2 31 67 86 43 78 71
64 61 34 85 93 55 73 97 12 29 8 45 11 99 13 77 25 7 32 86 23 80 87 75 15 83 2 48 21 22 88 35 76 54 66 42 4 90 46 14 89 79 53 51 27 68 56 17 47 62 1 74 50 31 81 94 3 95 58 60 65 78 82 49 10 40 57 59 19 92 43 100 84 39 26 5 33 38 9 71 37 98 18 72 16 36 6 63 52 28 96 20 91 24 67 70 44 30 41 69
50 80 48 40 86 15 38 94 32 93 13 76 81 4 97 27 33 79 34 70 26 36 10 54 19 39 57 90 56 28 18 24 20 99 23 25 59 47 7 55 9 51 45 73 91 1 41 58 98 74 62 65 14 88 71 35 12 87 22 11 53 21 89 64 78 67 77 30 60 52 49 96 46 63 42 82 8 31 29 61 72 84 5 85 37 44 3 16 100 66 75 95 92 2 6 68 69 17 43 83
85 14 77 94 33 96 88 65 7 49 62 4 21 1 20 97 16 56 38 93 68 95 23 90 74 51 86 43 72 99 8 98 22 9 92 15 50 18 19 40 34 41 13 80 55 54 59 66 81 100 87 76 35 44 36 17 64 61 53 89 3 67 79 57 27 63 48 75 31 25 32 47 91 58 2 6 28 82 29 5 10 42 45 52 71 60 69 46 84 78 12 83 39 30 70 11 24 37 26 73
37 14 71 4 60 75 76 39 73 66 90 80 41 83 97 85 22 77 2 32 79 53 88 42 35 93 49 96 74 23 64 17 91 84 57 40 86 98 6 26 11 5 72 50 27 25 59 33 21 58 31 20 82 78 1 12 7 61 55 99 92 28 38 69 89 3 18 87 19 47 15 30 34 54 70 44 100 46 65 63 68 62 13 16 52 36 45 29 9 8 81 51 24 10 94 67 48 95 43 56
37 38 85 72 17 36 67 62 6 52 42 11 86 30 43 75 84 89 22 92 68 4 24 32 54 41 88 23 46 21 65 25 91 7 63 18 49 26 60 5 59 29 96 35 97 99 77 93 64 1 48 44 8 16 19 2 40 31 33 71 39 98 74 66 45 13 47 12 3 95 15 28 58 34 9 51 78 83 100 90 20 53 80 56 27 79 70 50 10 76 14 55 94 69 73 81 87 57 82 61
87 66 83 65 100 57 82 43 20 24 23 84 96 36 64 80 63 88 78 45 70 51 26 10 7 67 3 29 73 14 55 49 56 91 46 35 32 93 33 16 86 81 1 5 79 71 60 47 89 52 68 8 28 39 61 22 54 42 99 90 2 21 11 62 94 76 44 74 13 30 58 41 72 40 4 98 31 75 53 9 69 59 18 17 92 15 34 27 85 97 50 6 38 19 25 12 48 37 77 95
80 40 85 68 25 88 57 60 2 30 15 36 53 19 65 46 92 7 21 23 24 50 10 11 35 66 61 96 91 47 14 8 48 54 95 42 16 45 20 90 43 98 89 32 84 31 52 41 74 6 81 87 78 28 34 55 51 83 99 18 100 94 3 33 67 76 4 49 17 69 64 5 63 26 56 38 82 77 58 44 70 1 22 27 39 37 13 86 93 9 12 29 97 62 79 73 75 71 59 72
98 16 79 96 57 59 18 62 51 36 85 60 77 24 20 91 76 42 61 8 32 70 26 84 14 99 87 38 1 17 3 78 55 73 68 23 93 47 54 89 19 2 15 7 13 67 58 25 22 69 12 81 74 28 27 65 50 5 63 71 44 53 49 31 48 92 66 34 40 45 43 100 35 83 4 86 64 30 37 94 10 33 56 82 75 39 11 72 46 95 88 90 6 29 80 41 9 21 52 97
30 94 12 14 18 29 46 73 85 76 81 39 66 58 62 97 9 24 49 20 72 74 59 34 17 64 92 77 45 51 78 31 96 47 38 63 53 50 54 48 4 10 71 90 61 41 15 65 86 22 80 21 5 89 43 23 40 100 7 68 13 93 25 36 84 8 87 35 27 60 52 75 69 91 37 28 19 11 3 82 1 98 95 55 56 99 83 2 32 70 6 26 33 44 57 79 67 88 16 42
49 100 52 47 21 50 1 6 15 48 20 60 19 62 85 68 88 71 90 9 44 51 70 42 28 25 97 94 81 13 98 58 66 43 77 16 45 55 64 12 36 54 5 23 30 91 37 78 38 75 57 29 86 67 74 39 3 65 34 11 72 14 84 79 26 76 82 69 61 80 18 7 92 93 2 32 53 24 22 8 31 33 10 95 99 41 40 27 63 4 83 96 56 87 89 59 46 73 35 17
20 33 94 19 90 18 47 10 69 21 95 25 70 85 84 57 3 37 6 64 40 66 30 11 54 97 32 35 50 63 9 99 34 16 14 45 89 8 15 51 41 91 39 86 87 42 92 28 1 98 62 55 29 5 79 96 72 73 59 22 65 46 44 36 67 24 82 2 43 88 53 81 78 13 52 49 71 12 17 26 27 56 75 68 80 60 74 48 76 83 93 77 31 61 100 4 58 7 23 38
60 68 41 98 38 70 78 51 54 95 45 25 18 88 64 31 27 16 1 40 5 48 62 86 53 97 100 30 66 8 44 71 9 74 28 82 24 61 85 46 32 80 69 10 17 91 59 67 50 42 58 77 87 37 93 26 75 15 72 99 6 63 19 65 89 3 12 35 52 84 96 20 79 11 90 21 81 22 57 33 2 34 47 29 36 43 55 4 92 23 7 56 39 13 14 76 73 94 83 49
2 83 71 97 24 88 61 77 56 11 23 39 19 54 37 1 90 85 80 28 30 40 51 60 72 100 58 15 59 79 99 92 43 5 73 20 44 48 65 91 78 17 38 9 82 35 10 4 68 87 89 75 42 94 13 32 8 7 55 26 34 66 76 81 63 22 53 93 69 70 27 33 74 12 6 16 49 3 67 46 25 47 21 31 14 98 36 50 29 84 57 41 64 62 96 45 95 18 86 52
92 73 8 35 26 80 17 56 85 55 67 31 13 22 19 60 44 93 89 99 48 18 51 28 63 81 1 71 52 41 33 91 86 83 2 62 70 6 72 98 88 69 66 14 87 77 54 100 24 12 59 4 64 74 75 82 58 53 36 20 23 90 94 79 95 76 45 9 7 78 10 47 96 57 16 50 68 97 37 29 21 42 43 25 3 15 84 32 49 61 65 5 46 30 40 11 39 38 34 27
14 53 48 52 78 13 16 97 6 19 11 40 43 96 29 69 15 30 95 83 47 87 65 57 89 4 17 45 31 71 68 18 56 3 51 42 37 28 39 80 33 22 85 8 79 70 91 12 67 61 50 55 25 73 41 90 72 21 99 74 23 26 2 98 44 93 64 46 82 100 66 81 59 7 94 9 35 20 1 92 84 27 88 63 62 38 77 32 10 49 34 24 86 75 36 76 54 58 5 60
78 37 67 31 90 23 73 2 81 4 57 8 48 18 70 33 7 12 59 80 30 96 71 35 75 61 69 86 28 26 20 11 55 1 89 68 98 92 87 62 10 63 50 44 29 85 46 99 3 40 94 13 25 41 82 53 17 88 39 22 60 79 38 47 32 27 36 49 24 43 58 45 77 42 66 74 9 21 93 15 51 64 91 52 6 97 100 16 34 83 5 95 19 54 72 84 56 14 65 76
39 88 48 25 19 89 69 94 11 71 78 44 9 14 66 80 2 57 83 16 18 10 65 1 55 76 100 22 72 23 33 7 70 85 84 60 86 90 31 77 30 27 99 51 74 45 98 40 41 63 43 13 24 36 8 73 79 50 87 91 68 64 56 5 32 75 95 59 37 46 4 17 62 47 61 97 82 28 3 34 67 20 52 93 15 92 96 54 53 21 38 42 58 81 12 29 35 6 26 49
19 27 64 47 79 70 13 38 96 81 82 7 2 59 63 26 5 25 46 42 24 99 92 61 74 33 68 76 9 18 35 16 15 73 69 91 4 71 90 58 95 97 50 65 36 100 17 44 66 22 57 72 39 89 3 20 8 87 75 1 49 10 53 21 83 77 93 80 56 88 6 60 84 32 86 29 30 23 14 12 94 28 31 78 51 98 34 48 85 40 54 37 11 45 43 67 41 52 55 62
48 18 9 53 57 17 8 91 97 79 61 92 73 7 14 2 45 89 87 96 58 71 60 59 23 85 44 80 29 47 26 37 55 1 6 24 82 39 69 75 64 86 15 63 90 32 41 49 5 46 38 10 62 56 35 3 33 66 99 74 30 43 19 36 81 65 52 98 54 95 34 4 31 28 12 16 25 88 100 77 76 42 78 13 40 51 20 84 72 94 83 68 22 11 50 93 67 27 70 21
100 78 89 61 59 15 58 13 99 24 79 26 82 88 97 95 45 77 69 87 55 75 31 40 38 53 46 67 1 62 14 18 6 57 44 72 49 33 7 25 34 8 29 51 70 48 68 32 98 39 47 20 23 96 28 4 5 56 71 35 74 65 12 36 93 50 94 10 17 81 43 85 19 76 54 90 30 2 83 37 3 9 21 60 80 52 63 92 66 42 22 73 91 11 16 86 41 84 27 64
60 97 91 73 37 84 56 46 87 44 6 4 30 41 7 75 53 78 69 90 26 57 3 98 50 85 5 39 16 80 58 15 45 29 23 86 14 66 83 88 42 22 12 27 31 79 65 32 96 71 95 35 54 11 62 24 52 21 74 33 19 40 51 10 20 49 28 43 70 99 47 2 100 68 77 94 18 72 17 25 76 48 67 82 61 93 1 13 63 36 81 92 59 89 9 8 55 64 38 34
6 37 3 64 49 19 53 41 21 32 100 46 2 51 10 44 58 81 89 39 68 43 36 17 86 61 67 59 83 84 85 94 60 11 50 13 45 8 40 66 1 24 75 93 52 95 77 4 34 90 9 16 56 96 98 35 57 65 7 82 23 55 79 12 29 26 92 28 88 15 27 97 62 31 78 87 47 91 72 63 33 74 30 22 5 99 76 48 38 71 69 42 25 70 18 54 14 73 80 20
40 20 52 96 31 47 60 19 5 84 69 18 3 68 21 26 38 4 37 17 24 41 8 30 82 65 1 6 80 81 74 2 55 67 63 11 89 23 43 62 51 7 87 56 16 27 46 86 73 66 36 94 97 88 58 95 72 76 92 75 85 79 14 70 12 83 15 77 28 78 64 59 32 57 53 91 9 42 10 45 35 100 49 25 33 34 71 90 61 50 29 48 98 99 13 39 22 44 54 93
53 89 64 7 52 76 84 55 60 96 68 43 62 71 11 33 25 69 41 14 34 20 66 83 67 10 61 23 90 93 9 82 56 57 12 31 37 40 78 16 74 32 72 86 94 6 45 21 44 22 8 26 46 97 5 54 1 47 49 42 28 30 80 15 2 39 13 73 100 59 51 81 58 87 63 95 3 38 85 70 48 91 29 36 79 27 24 99 50 35 77 19 75 4 98 88 65 18 17 92
61 73 7 90 16 33 44 17 69 70 94 93 19 9 77 85 10 51 13 49 57 36 31 100 71 98 4 21 65 86 6 68 56 53 75 15 11 35 42 72 32 34 24 48 74 62 92 8 58 18 88 52 25 2 91 97 3 50 43 20 99 95 83 55 37 22 96 76 78 63 12 14 82 27 81 89 28 79 39 87 84 66 1 38 60 46 54 64 59 30 40 41 80 47 29 26 45 5 67 23
40 4 37 33 59 79 26 36 84 77 47 55 81 75 46 3 28 82 20 93 25 2 60 42 17 34 87 64 68 53 83 76 32 54 57 14 44 78 21 49 72 73 13 50 27 51 45 41 5 70 86 95 61 88 9 18 62 6 22 74 63 19 31 12 94 43 29 1 58 85 100 52 48 98 35 56 99 80 10 90 16 96 15 67 11 38 8 24 97 71 69 89 39 92 23 30 65 91 66 7
56 96 62 82 34 45 55 64 76 2 53 57 10 91 88 63 98 5 99 78 87 33 9 18 49 60 94 1 43 35 36 19 81 79 44 3 84 75 95 4 80 50 25 29 24 59 27 12 16 7 72 30 47 46 51 20 74 66 71 22 40 68 8 58 52 14 41 21 38 97 28 73 17 13 90 48 70 77 85 32 23 69 15 42 83 89 61 39 6 26 67 86 54 11 31 37 65 93 92 100
9 13 16 88 29 36 77 58 59 15 34 51 84 27 47 60 37 61 1 49 50 48 68 82 42 41 74 91 46 57 39 18 79 24 90 69 26 96 98 83 32 97 6 40 4 43 5 54 70 92 3 63 75 87 19 31 23 21 76 17 10 62 44 93 72 11 25 66 89 2 28 38 67 33 80 85 30 53 56 95 14 55 12 94 20 22 45 65 64 52 100 71 81 99 86 35 8 78 73 7
6 53 55 56 38 95 63 88 58 39 67 60 3 44 48 91 59 30 31 83 10 73 29 64 12 2 96 33 21 65 50 54 93 86 47 51 43 94 23 100 11 36 69 9 71 89 46 41 15 14 70 80 62 82 57 81 85 1 79 84 49 68 17 76 26 52 97 5 78 22 25 19 74 66 98 75 72 34 16 45 35 32 42 40 27 20 87 24 77 13 8 99 7 18 90 28 37 92 4 61
41 27 31 56 91 5 23 72 65 14 44 67 25 10 50 38 89 73 51 1 4 69 66 49 99 94 68 16 95 12 40 26 90 7 21 74 52 24 46 97 6 37 76 98 32 28 15 2 100 85 45 60 78 42 13 53 57 55 47 62 18 81 43 34 3 11 54 20 33 71 48 8 39 87 58 29 88 79 96 82 61 77 36 92 84 35 22 59 83 86 30 9 70 80 64 63 17 93 19 75
74 49 66 55 6 91 78 3 36 93 99 45 88 22 38 52 90 77 27 82 5 35 28 57 100 7 34 44 95 15 80 43 51 60 94 42 1 13 71 68 40 17 19 4 92 87 75 39 79 89 58 61 10 21 12 8 23 81 98 65 30 33 2 46 50 25 31 85 84 53 16 59 76 62 56 11 54 32 14 29 67 83 86 18 63 20 97 26 24 47 96 73 41 48 9 70 37 64 69 72
26 5 39 22 38 30 90 16 77 69 51 23 36 1 92 41 27 31 44 79 2 20 76 12 98 42 81 71 19 85 40 11 88 100 84 95 3 72 83 13 78 68 14 62 82 96 33 52 75 29 10 97 54 17 24 64 59 61 93 25 8 37 32 15 43 49 53 94 80 74 89 60 28 45 55 56 18 73 48 21 67 35 63 91 70 65 9 58 6 7 46 87 4 66 57 34 86 50 99 47
9 91 94 28 86 27 98 64 22 65 19 67 59 17 18 12 78 97 73 55 13 69 37 8 41 51 31 99 87 34 23 30 33 88 50 3 83 21 54 58 96 40 81 45 56 7 84 20 11 15 82 60 61 6 89 42 36 77 95 52 1 43 44 25 76 85 63 26 4 49 66 5 2 100 39 79 16 93 48 75 46 53 32 29 90 92 14 70 72 38 57 71 62 74 47 80 68 35 24 10
98 90 81 48 91 99 28 20 62 53 70 55 95 89 57 74 10 47 46 38 80 31 14 86 30 29 16 11 33 100 3 72 64 82 43 52 22 69 87 50 76 2 73 71 21 51 1 32 66 60 45 36 8 92 97 4 49 27 35 5 39 93 19 84 59 61 6 40 78 13 37 75 77 44 88 83 96 15 12 94 34 65 25 79 56 67 58 9 41 26 17 42 68 54 18 63 7 24 85 23
87 11 37 83 30 35 32 40 80 49 43 64 45 74 57 34 61 26 27 31 60 97 56 12 81 4 29 25 51 67 95 84 39 92 17 8 55 41 89 19 66 18 47 21 54 58 82 16 88 75 50 20 10 28 33 13 70 94 44 76 77 5 69 79 62 91 7 68 46 93 23 1 98 86 2 65 42 38 36 72 14 100 53 3 52 96 63 9 24 6 90 78 59 15 73 22 99 71 48 85
80 4 3 46 89 60 17 76 84 81 21 32 31 10 88 6 85 39 1 5 62 36 58 65 97 24 8 78 79 18 45 44 30 91 12 28 51 94 35 87 22 77 48 34 2 70 26 68 67 43 73 7 96 50 27 54 71 100 42 95 69 90 98 75 56 38 63 53 25 93 59 99 19 86 29 37 15 13 82 66 20 16 74 55 33 64 72 83 52 40 61 57 11 9 41 23 14 47 92 49
92 79 73 6 89 56 77 96 51 9 44 20 66 59 22 93 43 4 72 97 50 70 100 91 49 35 67 36 99 13 37 3 68 74 15 8 2 27 46 12 41 62 57 14 55 52 98 69 1 25 33 63 80 48 18 23 78 21 88 38 10 64 58 5 29 54 82 81 47 71 94 87 95 39 30 42 84 32 34 76 65 31 17 53 19 16 75 24 61 7 11 28 85 86 60 45 90 40 83 26
5 12 31 87 1 45 82 18 80 98 44 95 54 66 84 11 96 40 35 73 83 81 49 15 28 16 51 38 24 63 64 90 65 42 47 36 72 71 86 70 21 69 74 41 85 48 58 34 14 50 43 60 10 7 25 46 59 29 32 13 39 27 53 88 89 4 26 30 75 79 100 37 55 8 94 78 6 20 17 97 68 76 99 2 92 3 22 19 57 93 77 62 61 23 52 33 9 91 56 67
14 35 59 67 28 33 19 74 90 49 24 60 84 39 64 91 8 92 65 3 53 73 94 68 12 55 5 6 99 34 11 50 13 46 30 87 63 77 47 22 38 62 48 29 54 21 93 25 16 72 41 23 20 95 45 85 79 36 89 2 58 18 75 32 96 69 37 40 4 43 70 57 31 1 82 81 61 27 56 52 26 80 83 78 51 10 15 100 66 76 97 9 98 88 42 86 7 71 17 44
3 29 75 53 36 94 27 92 57 84 49 60 50 1 32 82 100 61 51 95 48 77 26 76 87 73 56 15 58 90 52 10 31 37 14 99 42 40 69 34 23 74 28 38 13 46 96 68 91 19 11 98 66 2 62 89 86 18 33 65 59 30 44 81 4 21 78 5 83 16 55 41 79 71 85 7 35 70 93 6 17 25 8 72 63 97 64 24 9 67 88 54 22 47 45 80 39 20 43 12
62 94 15 12 21 71 19 31 33 74 99 7 90 50 5 72 75 10 84 88 96 97 56 89 51 93 25 20 14 66 80 58 29 69 35 95 57 26 22 43 63 23 59 9 6 55 91 100 53 34 45 68 46 17 86 52 13 37 30 47 4 54 81 48 11 40 32 28 36 61 24 8 1 39 77 42 60 73 41 3 98 87 83 78 65 49 18 64 82 27 85 44 79 38 70 92 76 16 67 2
59 8 68 48 37 80 14 93 50 70 75 95 42 21 41 35 61 71 79 84 44 89 53 12 90 19 85 27 11 34 6 65 5 3 81 7 22 96 28 32 45 17 39 76 9 1 40 55 62 86 56 38 29 98 49 26 33 13 31 4 77 20 72 57 23 66 83 82 2 24 43 69 100 18 78 46 47 92 87 74 94 67 58 15 54 25 91 88 52 73 51 10 30 97 36 64 60 63 99 16
42 97 82 86 55 78 73 96 53 35 17 29 13 41 16 91 49 26 18 10 84 38 61 4 43 57 89 47 27 48 62 75 45 67 81 23 99 25 80 98 44 59 54 2 94 90 65 60 7 95 21 83 87 50 40 3 15 64 93 52 12 76 88 100 66 20 51 79 46 24 39 37 70 30 72 69 85 9 19 14 34 31 63 77 6 36 74 1 11 71 68 28 92 22 56 5 33 8 32 58
39 88 32 57 94 46 28 7 71 95 85 70 90 67 50 69 96 4 13 37 51 41 40 31 98 79 43 20 100 72 60 11 26 75 48 52 3 84 97 62 86 19 53 74 55 83 17 36 81 73 78 15 77 2 1 68 93 92 38 64 65 89 25 22 6 61 33 99 12 5 23 42 66 45 58 63 21 27 91 87 80 9 34 16 30 76 82 56 29 10 59 35 18 14 8 54 44 24 47 49
57 43 23 21 73 33 74 63 97 9 31 52 65 28 45 82 14 64 11 87 2 34 5 75 39 46 77 12 19 44 37 93 60 62 81 98 54 72 29 8 91 80 79 55 61 84 47 96 30 22 86 78 32 40 90 56 27 41 16 85 66 20 88 59 70 36 49 10 68 67 51 69 3 24 18 94 89 35 4 25 53 17 13 76 1 7 92 58 48 83 95 42 100 38 50 99 26 71 6 15
32 26 23 93 33 51 28 57 82 86 18 15 38 16 6 58 40 66 90 43 64 9 94 14 10 39 24 99 42 74 41 83 60 35 25 3 81 29 49 53 8 54 79 98 48 95 96 88 87 75 44 17 61 22 27 11 34 62 84 80 46 36 12 20 47 73 77 78 92 4 65 68 89 37 19 91 21 69 76 72 50 52 2 5 13 7 63 56 85 45 100 59 70 30 67 71 55 97 31 1
86 97 43 63 30 66 24 82 42 20 7 59 17 55 19 4 68 8 98 70 73 18 61 88 52 31 22 50 39 83 87 33 89 3 72 36 95 16 5 48 41 49 56 94 100 2 40 60 54 80 29 90 79 11 23 81 10 26 69 85 75 65 53 77 67 99 28 1 62 91 57 96 15 74 34 92 45 78 64 6 84 27 13 12 21 76 47 71 58 32 9 25 51 93 35 44 38 14 37 46
98 40 65 51 41 4 78 45 50 25 28 38 44 54 90 46 55 31 2 60 84 97 13 81 9 96 68 75 34 91 32 21 99 35 36 42 24 56 8 53 16 48 3 30 88 66 20 62 6 43 5 19 70 71 80 11 95 92 61 58 27 12 63 69 7 73 23 85 93 67 15 76 83 14 86 47 79 1 17 64 72 37 10 94 87 49 39 52 77 74 22 59 18 57 33 82 26 29 89 100
19 38 97 66 93 55 23 6 37 26 33 34 31 79 54 61 89 39 73 98 27 11 65 85 25 90 1 86 78 53 32 58 74 88 47 62 43 59 7 16 75 72 95 24 5 83 70 48 84 8 21 40 57 94 96 56 3 22 35 67 63 52 82 64 15 44 45 14 29 13 92 17 41 42 36 51 99 49 80 50 12 77 2 18 68 10 81 87 4 46 20 91 76 9 71 30 100 60 69 28
62 80 58 17 8 69 40 93 50 30 42 90 73 57 33 96 46 7 3 20 61 100 38 84 82 78 13 77 43 10 81 51 74 76 66 15 92 2 23 52 28 47 97 87 60 37 36 21 71 25 67 1 89 54 79 45 18 35 53 72 41 91 19 14 16 6 5 94 68 22 59 86 65 27 34 49 98 24 88 48 75 11 4 70 99 44 39 64 9 29 26 85 83 95 55 32 63 31 12 56
34 33 78 23 77 14 79 35 44 71 73 26 87 61 24 64 55 83 60 28 56 82 9 96 67 40 100 3 7 93 4 42 92 39 65 45 30 53 19 15 52 68 70 74 54 12 17 75 85 57 50 72 8 27 88 69 2 66 80 5 31 81 98 20 94 97 62 63 91 47 90 58 49 43 11 38 59 36 89 46 32 95 10 16 6 1 22 51 25 86 21 76 29 18 37 84 13 41 48 99
76 63 75 99 65 57 42 21 73 68 93 55 3 77 62 38 25 22 52 56 97 82 13 43 46 71 48 92 47 59 11 86 17 94 27 70 5 6 19 90 49 8 10 78 45 7 16 36 53 60 18 31 34 79 23 26 98 96 74 95 61 87 91 72 85 1 28 40 15 58 37 88 66 41 12 83 35 69 44 84 80 20 2 24 51 14 54 50 9 89 29 30 81 64 67 39 33 100 32 4
6 48 96 47 35 93 22 5 86 51 91 28 2 58 77 31 98 50 70 17 39 19 53 63 15 100 55 83 10 57 84 43 88 71 99 61 66 33 32 42 69 68 25 27 87 62 11 49 81 79 64 59 95 14 82 76 16 52 23 46 7 60 37 74 94 9 73 4 80 30 75 56 40 65 1 26 67 12 18 24 8 85 3 54 41 38 45 13 29 34 78 90 21 72 44 97 36 89 20 92
83 93 16 95 24 6 19 81 88 56 72 50 33 10 44 63 14 38 67 77 35 23 42 46 39 36 9 21 58 65 66 54 18 29 99 85 26 96 49 17 5 27 86 89 73 13 4 84 20 78 11 74 94 8 57 87 1 28 34 48 55 64 69 70 92 45 15 52 2 51 91 71 31 37 43 3 62 47 59 90 7 98 68 32 30 12 82 97 76 25 40 41 79 60 53 61 75 22 100 80
37 87 40 80 36 71 60 59 18 46 15 20 63 39 68 90 9 29 50 1 88 58 86 72 67 99 62 54 33 76 48 49 31 85 47 53 34 8 3 22 70 16 19 79 74 84 57 55 12 81 43 56 69 25 30 21 75 77 95 13 97 51 5 98 42 45 38 41 73 4 65 82 2 66 83 17 78 27 26 7 93 94 14 100 64 28 91 23 92 89 44 35 32 52 61 6 96 11 24 10
86 26 13 37 27 33 50 81 4 76 9 24 31 7 53 62 82 1 65 100 98 94 3 95 43 17 99 20 6 80 23 71 18 2 84 5 52 29 75 40 21 58 57 89 79 97 14 51 67 42 90 68 19 85 44 48 88 34 55 46 78 41 39 74 54 49 73 70 92 72 77 69 32 38 16 11 96 12 63 30 10 15 22 59 61 66 45 60 36 64 8 47 91 28 56 87 25 35 83 93
94 82 7 62 67 47 33 23 25 100 48 98 32 93 73 65 66 46 5 55 15 29 17 83 9 36 16 50 77 61 14 1 39 26 92 24 6 38 51 40 28 80 31 54 60 88 42 45 21 8 78 4 2 68 13 57 18 56 81 71 37 99 85 84 59 43 64 44 89 95 30 97 11 63 75 72 53 69 96 86 90 74 76 3 41 12 87 10 91 49 52 35 20 70 19 58 27 79 22 34
43 37 82 22 66 83 91 63 65 54 13 86 1 9 87 19 48 23 75 85 44 16 35 84 98 61 53 100 7 89 50 88 31 34 93 12 96 73 69 6 18 60 59 80 56 10 67 17 45 41 78 76 58 72 27 38 3 70 28 39 81 2 32 92 36 8 30 57 74 4 49 26 33 97 25 46 52 5 77 79 71 21 55 47 42 20 11 64 40 62 68 24 29 94 99 90 51 15 14 95
84 24 38 8 20 92 91 55 41 44 61 89 48 85 66 34 88 86 2 98 77 51 47 99 39 56 35 26 79 53 18 32 3 4 81 87 6 90 67 9 46 73 27 76 23 80 11 68 72 13 63 70 29 37 60 65 15 42 22 58 1 62 64 74 45 78 25 10 57 75 14 95 5 12 19 83 97 21 28 49 36 100 71 96 54 59 30 82 93 33 52 69 40 31 7 17 50 94 16 43
11 85 81 65 35 6 70 92 21 62 13 96 33 18 16 55 22 66 34 73 95 67 29 64 19 51 26 91 42 74 48 20 53 41 24 17 100 23 58 31 38 7 3 94 76 32 61 52 89 1 25 72 4 40 93 14 39 54 37 43 12 36 44 68 50 83 84 78 97 30 57 87 46 27 69 8 86 56 82 80 75 59 77 63 28 5 60 79 98 15 49 99 2 45 71 47 9 88 10 90
89 59 3 86 18 83 91 20 76 72 35 38 12 58 23 79 87 97 1 52 26 17 67 73 64 40 60 46 39 37 95 22 50 62 11 61 57 66 85 98 14 69 54 44 9 30 84 51 31 77 8 71 68 28 65 16 75 49 36 6 70 90 7 55 33 82 32 29 21 19 25 41 53 2 96 80 13 48 94 10 56 100 81 88 63 78 99 93 47 15 34 27 74 43 5 42 45 4 24 92
64 15 25 11 88 72 59 4 65 17 27 38 13 47 18 22 21 100 44 31 58 99 5 92 33 23 29 32 69 52 3 1 14 84 16 93 95 37 67 53 39 74 76 73 24 48 34 71 20 42 54 9 7 96 70 89 55 61 40 87 81 46 57 12 91 50 75 49 80 82 19 28 85 6 2 41 8 68 26 83 63 90 51 86 66 56 62 79 10 60 43 36 98 30 35 78 94 97 45 77
53 24 95 1 12 20 97 81 36 35 87 49 61 15 40 5 22 16 68 92 42 66 39 25 47 59 90 48 91 21 94 58 3 11 41 96 80 93 2 4 71 9 33 57 88 29 18 14 64 27 62 50 7 26 46 51 37 31 98 55 54 32 89 52 99 30 43 83 72 74 63 23 56 69 60 6 44 38 77 67 84 85 78 13 17 70 65 8 19 76 75 79 86 73 34 82 10 100 28 45
17 79 7 62 96 75 35 88 67 47 21 71 20 84 45 8 12 19 31 48 61 5 60 42 39 30 63 37 6 46 27 44 58 4 49 73 32 66 55 87 98 51 72 78 92 100 59 24 80 23 9 70 93 99 33 50 54 41 1 77 91 89 52 97 36 34 10 94 28 22 95 13 56 81 25 90 16 3 15 86 18 57 69 85 64 29 53 76 82 65 83 74 43 2 14 38 11 68 26 40
89 36 24 55 65 70 67 64 63 32 71 44 76 66 52 13 41 98 47 50 9 21 31 26 51 54 59 22 34 68 81 38 84 97 56 58 5 42 40 27 61 60 43 10 4 15 1 73 19 23 28 74 82 25 14 100 3 18 99 77 94 49 11 95 79 91 86 85 48 30 46 2 53 6 83 62 16 80 33 20 29 69 45 12 87 39 8 7 93 57 35 88 75 78 37 90 96 72 17 92
87 94 88 9 7 93 31 6 42 56 100 3 49 70 18 40 53 43 57 98 80 51 76 25 16 95 64 45 61 65 47 27 4 41 90 52 46 1 50 63 20 74 81 59 78 99 96 89 83 12 37 14 73 23 39 38 11 82 19 10 86 79 72 26 2 92 55 17 48 30 68 77 84 54 24 85 69 36 22 34 71 21 67 91 97 75 35 32 33 44 13 62 29 60 58 5 66 8 28 15
4 66 86 97 42 63 72 24 54 74 7 73 39 37 90 96 28 76 32 48 27 16 6 75 61 79 69 21 95 84 15 41 87 82 45 22 2 93 71 51 68 26 23 60 8 59 50 36 49 77 91 13 34 44 29 20 47 58 81 57 38 83 17 65 53 11 9 30 33 1 12 25 14 62 78 64 100 40 10 31 67 89 55 80 35 18 46 98 70 52 85 19 3 5 99 92 88 94 43 56
17 70 57 83 71 5 69 91 6 41 52 65 25 26 80 46 35 94 64 3 82 66 93 86 48 42 47 30 95 53 88 34 76 96 15 100 31 61 78 44 9 73 89 1 12 23 55 2 14 4 77 19 50 60 54 98 27 51 37 72 84 97 11 16 87 99 58 24 63 18 28 85 21 29 8 38 74 43 36 22 40 92 7 49 79 10 75 33 68 45 90 59 62 56 39 67 32 20 13 81
43 29 41 70 59 64 26 81 84 77 69 88 36 90 13 23 18 75 12 15 63 3 73 58 17 5 42 40 96 49 93 19 80 6 52 28 34 76 53 38 71 2 86 30 24 67 82 62 60 55 87 56 68 99 85 98 48 61 54 79 57 97 47 20 8 74 44 27 4 35 92 89 39 83 95 45 31 37 33 65 10 46 22 91 94 14 16 1 21 100 72 50 78 7 66 51 9 25 32 11
35 11 70 75 93 14 62 41 91 17 50 7 96 100 10 94 69 68 33 64 29 45 32 83 82 2 20 42 54 12 77 26 21 98 90 84 66 34 9 73 58 27 79 81 4 38 86 46 5 37 67 65 6 76 13 72 57 49 85 71 47 63 23 16 80 40 1 92 56 19 89 60 55 97 39 53 52 87 30 59 44 88 15 25 74 3 43 22 95 48 24 61 51 18 8 28 36 31 99 78
24 63 77 50 34 29 85 23 7 11 55 71 94 27 60 56 75 91 53 18 81 14 82 84 32 64 54 97 8 17 58 99 3 22 46 51 25 67 80 21 90 57 33 73 70 61 5 1 52 16 96 65 98 2 41 95 37 48 43 78 74 88 28 45 19 59 68 44 36 15 93 4 47 38 79 100 49 87 6 13 76 66 26 42 31 83 69 35 30 72 12 62 92 40 10 20 89 39 86 9
36 15 68 74 96 71 41 82 57 99 42 61 14 1 62 60 4 93 26 48 70 53 52 73 78 76 18 95 90 85 37 59 84 38 87 56 7 72 63 22 69 40 5 64 25 31 81 80 94 3 39 55 12 65 6 46 89 29 77 58 35 24 86 79 19 8 21 20 33 11 32 28 10 17 66 34 88 91 100 75 54 45 27 23 30 49 92 47 97 67 13 83 98 43 51 44 50 16 2 9
18 82 48 64 75 81 28 68 56 69 100 79 86 83 47 41 37 80 14 46 95 93 90 2 97 12 54 61 9 20 99 87 85 49 24 4 31 96 19 62 17 50 40 22 16 21 71 53 66 76 15 43 58 34 38 72 25 32 36 39 65 23 59 35 42 77 92 94 11 13 98 8 30 44 84 26 45 67 55 74 10 60 88 3 70 33 57 52 89 5 27 7 78 1 6 63 51 73 29 91
9 41 33 87 76 26 63 38 16 77 10 20 4 91 50 3 86 93 99 46 100 75 58 11 82 18 53 65 39 79 54 22 92 66 59 81 1 5 62 28 52 42 27 45 47 61 80 55 88 30 49 31 12 56 19 25 44 70 83 69 17 6 90 85 64 37 94 21 14 32 24 34 89 51 74 60 13 7 72 8 57 67 97 48 98 40 23 84 71 95 96 2 29 35 68 78 15 43 73 36
44 89 86 8 19 73 39 29 27 69 53 83 20 22 90 6 71 16 7 37 31 85 98 60 65 59 45 32 11 34 58 68 14 24 54 10 52 70 99 15 80 18 78 30 72 51 25 96 82 74 66 92 79 46 88 67 75 57 56 33 76 100 41 50 26 28 1 9 36 5 49 63 17 55 91 42 61 2 87 12 21 38 35 3 81 48 93 97 40 64 23 62 13 43 47 95 94 84 4 77
7 10 41 67 14 60 45 84 9 34 27 58 79 72 22 20 100 18 95 69 50 49 62 35 23 1 53 91 97 11 28 8 3 99 4 86 33 37 93 64 6 71 30 55 26 82 2 77 68 52 21 66 73 47 70 15 78 65 85 29 16 32 90 59 36 24 46 43 89 61 40 12 25 39 98 81 38 76 80 42 31 88 19 17 57 13 51 56 92 75 74 44 83 54 63 96 94 87 48 5
86 68 38 12 19 36 41 100 1 6 92 3 27 17 9 56 64 54 44 49 83 4 99 63 94 21 58 85 2 66 43 59 28 93 71 74 46 13 32 11 73 98 91 75 76 10 55 72 77 50 95 33 52 60 14 22 5 8 30 18 48 35 42 70 23 34 47 16 45 61 57 96 31 25 24 84 87 89 69 37 29 15 81 20 39 40 80 7 26 79 97 82 90 62 65 51 78 53 88 67
38 72 57 6 63 97 94 40 25 76 88 86 17 66 56 34 20 35 14 98 81 18 95 7 5 96 13 41 70 49 92 99 90 33 68 30 58 83 84 91 69 19 23 15 32 51 45 80 27 8 82 78 2 1 60 79 85 4 71 11 53 24 29 73 52 48 9 37 75 46 28 26 65 67 62 87 3 31 21 47 44 61 50 100 16 74 55 59 93 39 12 64 42 10 36 22 54 89 77 43
11 91 1 17 6 38 87 30 88 89 25 74 40 23 80 98 76 18 83 50 41 79 12 14 31 22 99 65 19 66 43 52 93 75 15 92 56 95 24 35 39 72 8 4 48 59 44 53 96 27 33 49 57 64 47 42 73 34 71 37 67 86 54 36 9 3 21 94 16 81 2 13 63 26 5 84 28 77 100 70 29 32 61 10 20 46 90 45 78 97 58 62 69 85 60 82 68 51 55 7
94 20 90 70 35 88 54 48 77 23 89 82 22 83 8 40 33 95 58 84 6 26 7 17 5 42 29 44 1 46 67 92 56 41 65 85 30 79 59 64 25 3 52 10 75 49 96 74 71 62 91 55 76 86 99 28 80 81 100 53 51 12 45 37 69 18 14 32 72 57 15 47 27 61 11 16 38 68 98 60 87 43 66 4 19 9 50 63 13 78 24 97 39 73 34 93 31 36 21 2
34 95 74 44 39 37 40 81 30 70 84 42 32 100 63 88 97 10 43 66 16 53 41 67 91 25 76 48 72 45 9 8 92 68 56 27 79 62 77 38 96 80 23 99 18 64 87 1 83 35 17 14 5 98 90 75 69 2 20 86 93 71 36 94 4 54 29 50 58 57 78 24 89 52 49 33 73 65 15 22 26 59 82 13 60 61 7 3 12 46 11 31 85 19 47 55 6 28 21 51
77 64 37 52 47 2 49 76 18 83 53 95 20 68 44 80 99 73 70 82 54 91 97 55 39 31 10 33 74 85 56 58 38 41 4 79 14 34 88 11 46 43 92 23 19 75 13 27 25 67 21 7 6 61 62 96 65 100 59 17 86 84 78 3 89 69 5 28 36 48 40 22 81 66 71 16 29 8 12 51 60 57 35 87 15 93 42 30 32 26 72 90 24 45 98 9 63 1 50 94
99 57 80 3 77 96 72 93 81 69 49 16 24 26 68 60 90 64 84 88 45 31 83 27 15 50 10 4 36 51 98 23 87 11 37 5 19 100 79 82 56 95 75 70 33 7 74 71 97 46 94 9 65 62 34 53 91 55 63 22 14 12 76 54 38 28 1 59 20 29 18 42 2 86 6 40 25 30 44 61 39 58 35 52 8 48 13 92 47 73 43 17 21 41 78 32 89 67 85 66
72 99 27 41 100 85 35 50 66 32 69 65 93 44 51 61 34 23 48 67 47 83 71 52 7 2 97 20 11 28 84 91 64 6 58 88 53 82 10 17 38 89 3 39 46 81 87 45 54 14 5 42 49 68 21 9 1 98 94 24 19 22 73 56 25 57 79 80 78 63 26 43 92 12 15 29 16 13 59 8 95 40 18 96 37 76 30 77 86 33 62 4 74 60 55 70 31 75 36 90
39 10 11 66 35 33 63 83 95 43 86 89 34 53 85 4 73 1 52 14 81 98 22 91 88 44 38 19 50 37 60 36 25 23 61 93 54 94 71 58 92 69 72 75 80 32 3 65 30 20 56 78 31 77 29 8 70 5 87 62 9 96 16 68 42 2 67 48 59 7 17 40 18 27 97 24 84 28 6 57 99 15 51 90 49 46 74 12 64 79 45 76 82 47 100 26 21 55 41 13
31 50 17 9 5 100 56 2 18 6 14 86 91 37 92 54 24 83 55 98 58 88 67 64 47 75 63 27 81 36 33 46 30 78 61 4 68 15 70 42 25 10 77 1 39 59 51 96 44 82 40 34 11 8 12 38 62 45 43 19 16 32 21 29 93 90 99 74 95 65 26 3 41 7 85 66 72 60 97 69 35 71 22 20 79 73 76 94 28 57 80 84 49 52 87 53 23 48 89 13
73 99 57 51 30 39 17 6 4 48 75 27 3 79 68 95 91 61 69 7 78 85 31 52 1 11 59 42 87 71 45 93 94 8 49 43 64 60 82 63 20 35 18 98 2 22 47 90 55 89 16 9 88 15 34 24 13 23 19 81 12 56 76 40 54 14 84 46 67 33 28 86 58 36 65 10 32 29 72 37 96 77 100 50 80 44 5 66 74 62 26 38 25 41 83 97 92 21 53 70
7 1 97 54 96 93 8 90 15 95 21 17 52 3 33 85 81 57 19 45 42 56 80 89 39 29 99 35 61 10 5 55 48 98 26 23 69 70 25 84 82 38 68 49 79 22 64 2 27 65 60 91 58 78 92 83 31 72 9 28 94 20 43 77 76 51 63 37 34 18 30 59 100 4 16 71 74 86 53 67 50 6 62 13 87 46 12 14 11 47 36 32 66 73 44 88 24 75 41 40
70 76 37 48 25 73 89 99 63 38 3 45 46 10 77 92 16 55 9 15 66 23 57 97 35 27 59 42 72 2 94 86 47 80 98 19 43 24 56 1 96 13 90 67 32 29 28 40 84 33 83 17 74 87 58 93 81 79 71 62 39 100 49 53 91 8 30 7 5 69 26 22 34 75 54 68 65 78 18 6 95 85 36 82 4 44 20 41 11 51 52 88 61 21 50 12 31 14 60 64