50

11 50 45 47 42 9 29 26 24 27 32 25 35 1 48 31 34 21 19 15 2 13 38 46 8 49 22 18 6 36 37 23 41 30 3 7 20 12 44 39 14 33 10 5 28 40 16 43 4 17
4 38 47 23 44 6 9 19 32 48 46 21 20 31 45 42 17 43 14 25 7 10 2 11 8 39 50 5 34 29 3 24 41 30 22 40 26 18 35 49 36 1 15 27 33 28 37 12 16 13
36 24 19 7 22 40 16 30 43 23 45 11 29 13 4 42 17 49 15 5 34 9 37 28 10 6 46 18 21 20 31 26 1 12 32 3 44 38 41 39 8 14 47 27 2 48 35 25 33 50
17 45 26 10 49 41 4 31 50 21 23 47 2 34 32 7 39 40 3 13 36 24 12 43 11 29 48 22 8 14 19 1 42 5 46 20 33 30 9 44 6 25 27 18 37 15 38 35 28 16
48 8 27 20 16 25 40 41 47 6 11 22 7 15 24 46 31 21 3 1 45 23 9 50 17 37 29 26 14 43 10 4 42 36 2 30 34 33 5 13 12 44 18 19 32 38 49 28 39 35
17 31 50 21 46 49 16 6 26 39 10 22 36 11 18 35 15 44 42 47 33 43 40 3 13 45 24 30 8 20 1 19 32 41 38 12 9 23 48 7 25 4 14 27 37 28 29 5 2 34
41 23 48 40 24 16 2 17 43 44 3 34 31 39 19 11 35 8 30 32 42 27 6 20 15 9 28 18 50 46 38 36 21 5 1 22 49 14 26 33 37 47 7 4 45 13 25 12 29 10
30 46 14 47 49 9 37 12 8 2 36 50 25 27 4 13 23 19 17 44 10 39 38 24 29 40 11 28 33 6 15 41 3 7 32 31 16 42 22 35 43 34 20 1 45 21 5 48 18 26
48 43 9 26 50 27 24 39 23 2 45 34 46 13 31 11 8 12 37 19 5 7 16 49 14 22 36 28 18 44 42 47 30 4 38 21 29 6 35 17 10 41 25 32 15 33 20 3 40 1
35 6 43 26 19 1 39 47 23 4 30 13 11 37 50 41 27 18 3 28 45 10 40 16 12 2 21 20 17 44 7 15 48 38 24 42 8 36 9 49 22 5 14 25 29 34 32 46 33 31
4 29 9 43 35 20 39 46 15 34 22 11 24 3 30 12 27 14 10 32 6 50 25 38 7 18 2 41 48 45 8 31 37 28 40 23 47 1 26 21 17 36 13 19 33 5 49 16 42 44
1 12 46 38 34 28 15 13 17 36 41 49 35 50 22 19 25 26 16 29 31 4 11 23 8 18 48 6 2 43 32 10 44 5 39 47 40 3 37 9 7 42 45 20 24 21 30 27 33 14
20 18 35 42 30 1 16 21 26 44 8 49 38 28 25 41 34 46 15 29 27 17 14 9 3 6 23 33 36 2 50 5 39 31 47 22 32 13 19 48 7 40 12 11 24 10 45 37 4 43
31 20 35 12 42 45 26 50 29 2 6 43 5 47 32 22 33 9 46 13 41 48 27 7 23 19 28 18 39 49 25 16 40 1 37 8 36 34 4 21 38 15 30 14 24 17 11 3 44 10
1 13 44 36 35 11 9 37 2 22 21 25 50 15 41 19 46 17 7 38 18 47 12 26 28 4 8 27 32 30 42 20 34 24 43 3 16 33 48 29 6 49 39 10 31 14 45 5 23 40
33 39 45 7 32 44 26 25 31 2 15 36 11 28 18 13 46 47 35 41 8 23 12 19 49 9 29 6 42 1 10 30 21 48 17 14 50 27 38 43 3 37 5 4 40 34 20 16 24 22
31 12 46 15 19 35 50 21 5 38 10 41 20 16 33 37 2 17 18 14 44 3 28 8 30 29 34 25 48 26 47 27 24 43 22 45 36 9 42 11 6 7 40 49 4 23 32 1 39 13
4 39 17 9 10 33 47 1 46 48 12 35 32 50 24 41 25 14 18 3 13 44 5 19 27 49 28 45 11 26 37 34 23 36 2 29 22 8 40 20 15 38 42 6 43 31 16 7 30 21
16 49 43 41 44 4 20 11 7 8 1 10 26 30 42 23 32 36 13 22 48 2 38 15 45 5 3 47 33 21 14 18 9 27 12 31 24 17 19 35 28 39 6 37 34 46 50 25 40 29
19 50 26 43 21 41 34 29 8 17 18 47 3 48 42 10 13 36 7 49 27 1 39 28 40 33 5 31 37 14 6 38 23 12 15 46 9 25 20 22 4 16 24 30 44 45 32 35 2 11
23 18 2 9 16 45 26 13 5 6 40 25 19 29 48 39 12 21 22 10 17 4 30 35 14 8 34 28 44 49 15 47 42 33 20 36 7 27 37 43 32 24 38 46 50 31 3 1 41 11
11 45 43 26 24 3 41 10 46 27 40 31 16 34 17 44 42 1 14 38 12 15 4 20 19 28 5 2 37 6 18 32 47 8 21 30 23 29 50 36 9 39 33 49 13 22 48 25 7 35
45 24 16 5 33 13 11 48 28 21 40 47 14 6 31 38 9 8 19 22 32 17 37 49 42 41 20 29 43 4 26 36 27 10 35 18 39 7 46 25 1 23 3 34 2 50 30 12 44 15
14 34 22 6 2 33 43 10 44 8 9 3 37 39 7 12 31 21 46 20 47 42 41 26 28 18 15 19 40 38 49 45 1 48 11 30 17 4 16 36 23 35 29 5 13 50 24 25 27 32
18 25 16 49 36 40 29 35 48 19 45 50 22 2 30 15 20 10 13 11 5 17 6 38 44 46 47 33 12 26 1 32 28 31 21 41 9 43 39 3 8 27 37 24 4 34 7 14 23 42
9 25 14 12 34 42 16 36 13 3 10 28 37 32 43 35 49 19 33 46 1 7 30 5 17 45 26 8 40 39 23 47 11 44 2 20 38 6 41 4 31 50 21 22 15 18 27 24 48 29
3 12 26 4 30 20 16 39 35 48 2 43 29 15 21 33 7 49 1 23 50 19 22 31 10 36 24 18 28 46 41 47 6 27 32 34 9 40 25 45 13 42 38 17 14 44 11 37 5 8
12 41 46 45 34 24 47 31 3 50 13 6 27 22 44 4 8 29 15 33 17 38 49 19 18 25 48 21 16 7 26 1 28 5 36 20 40 23 14 43 10 11 39 30 2 35 37 42 32 9
32 26 18 9 41 5 21 2 19 22 16 25 15 8 29 38 14 48 33 30 1 17 13 24 43 23 3 11 50 47 28 44 20 35 31 37 46 7 6 40 49 42 45 12 36 4 39 34 27 10
8 36 14 13 42 2 39 30 29 45 25 21 19 11 35 6 49 41 40 5 43 47 10 44 23 9 15 7 3 16 28 34 46 1 50 26 18 27 32 12 38 48 22 20 24 33 37 31 4 17
46 11 14 39 21 34 12 30 16 45 31 15 42 18 10 9 13 37 36 3 20 22 38 19 47 44 7 27 17 4 26 41 33 1 25 48 8 49 28 32 40 29 2 35 43 5 6 24 23 50
13 32 15 28 29 39 21 26 50 23 14 46 9 43 42 41 16 24 17 18 19 7 27 37 30 44 25 10 2 35 48 33 20 5 45 47 3 11 22 36 6 34 31 8 38 40 49 1 12 4
36 37 41 3 49 29 18 15 10 47 27 6 46 13 11 1 28 24 32 30 25 23 9 20 8 44 34 38 5 42 17 21 40 43 35 45 22 2 12 7 31 14 50 48 26 33 16 39 19 4
19 20 50 21 35 24 45 47 2 42 6 28 29 27 8 41 10 34 9 38 31 44 30 4 46 3 43 1 39 25 33 5 48 13 37 12 22 7 11 32 26 16 17 15 23 40 18 49 36 14
49 6 39 48 29 38 35 34 8 26 46 25 30 9 15 2 43 13 1 50 40 45 47 36 44 10 37 19 7 18 11 17 41 28 23 27 24 33 5 31 42 21 12 16 20 14 4 22 3 32
23 26 4 50 31 43 44 45 6 48 22 40 15 2 12 47 17 24 7 41 14 42 11 33 19 25 38 8 28 34 29 39 37 32 10 36 30 21 27 3 13 16 9 18 5 35 49 1 46 20
13 18 1 32 2 4 5 43 15 17 36 22 30 8 9 3 20 42 41 37 50 24 27 47 48 11 21 33 29 39 19 7 28 6 23 16 40 49 14 31 10 35 34 45 44 12 26 25 46 38
44 17 14 25 34 48 20 37 4 18 38 12 3 24 6 7 42 45 49 1 43 22 5 35 36 11 26 9 39 50 41 28 46 30 40 32 33 8 2 21 19 47 16 15 29 31 10 23 27 13
25 7 33 32 9 47 35 20 30 16 12 38 34 41 48 50 45 49 17 23 10 44 5 18 43 26 24 14 28 4 29 8 46 40 11 13 37 15 36 1 2 22 42 19 3 27 39 6 21 31
49 9 22 39 1 30 27 50 17 29 48 11 34 43 40 10 13 15 16 8 6 19 45 28 47 4 32 38 44 25 21 31 5 3 33 14 35 37 2 20 41 36 23 18 7 12 24 26 42 46
8 34 46 42 22 23 21 5 27 50 39 19 2 24 18 28 26 6 29 43 31 48 9 20 33 16 30 17 12 37 35 14 40 45 49 44 25 10 15 47 36 7 13 4 32 3 38 11 1 41
39 33 44 42 46 49 19 31 16 27 17 34 8 32 21 48 18 1 11 6 3 45 5 29 2 38 50 7 36 10 24 30 35 40 12 43 14 20 13 15 22 37 4 23 26 9 25 47 28 41
1 18 6 24 42 8 9 25 17 37 13 12 40 49 41 21 29 4 11 27 19 50 16 14 26 3 28 45 44 43 23 10 22 31 2 32 7 15 39 35 38 30 33 5 48 46 20 36 47 34
23 11 27 50 4 29 44 16 41 26 6 31 36 30 35 33 20 3 25 5 7 28 39 10 15 13 24 21 32 42 12 17 48 37 18 38 19 47 22 45 2 14 46 9 1 34 43 40 49 8
47 4 32 22 21 28 5 19 23 13 31 17 34 48 39 14 30 20 16 35 18 25 8 2 45 15 3 33 50 43 44 49 7 40 11 26 37 41 36 9 6 10 29 42 46 12 24 27 1 38
5 43 2 8 29 13 14 20 25 50 35 11 16 17 39 33 3 22 37 49 26 36 9 23 4 44 47 30 7 41 10 40 32 15 31 27 24 38 46 34 6 19 28 48 12 21 45 1 18 42
24 18 1 23 44 5 3 13 43 10 40 25 35 46 12 38 9 4 11 49 28 37 16 39 7 8 33 32 19 31 27 22 41 6 30 26 14 20 17 29 15 36 34 45 21 2 48 42 50 47
43 23 2 36 46 29 26 21 48 19 12 35 45 24 4 47 34 14 50 31 20 49 39 40 32 38 30 11 44 33 1 18 16 13 22 7 37 27 9 3 28 15 42 10 41 17 5 6 25 8
28 14 18 41 9 35 38 43 2 6 29 16 21 12 45 25 3 26 7 1 39 37 13 30 11 23 17 49 4 48 8 42 44 20 19 40 15 33 22 47 10 34 46 31 5 36 27 50 32 24
33 35 23 18 38 50 7 36 8 5 44 43 22 28 32 42 10 30 27 19 45 17 46 14 2 11 29 3 49 12 25 13 48 1 47 37 31 6 24 40 41 15 9 16 4 20 26 34 21 39

48 26 47 22 8 36 11 39 21 40 37 16 34 28 2 7 20 19 14 23 35 9 27 13 31 4 44 46 6 24 49 45 12 33 32 1 5 41 3 42 50 43 25 15 30 10 38 17 29 18
11 27 48 1 36 2 29 41 35 28 47 10 31 44 42 15 38 7 6 39 12 20 43 30 16 3 50 46 13 49 5 17 33 22 9 18 34 40 19 37 32 21 4 23 8 45 26 25 14 24
33 32 15 47 24 25 18 8 4 50 43 29 39 1 16 46 11 6 26 42 35 9 14 21 28 22 10 12 5 30 48 49 7 17 41 38 2 23 19 3 40 36 44 20 34 31 45 13 37 27
6 37 32 5 26 29 33 30 23 46 2 16 7 14 17 27 1 38 12 25 24 43 8 41 48 47 20 40 50 36 34 11 49 4 13 39 15 10 22 9 3 21 28 45 31 18 19 42 35 44
12 34 47 32 26 5 2 21 15 49 1 42 19 9 40 39 3 31 29 23 37 11 44 25 27 45 4 16 24 18 28 50 48 17 46 35 13 8 36 30 14 6 10 33 22 20 43 38 7 41
32 20 17 10 6 36 45 12 18 14 42 4 44 25 37 34 31 29 8 13 49 26 40 24 5 19 38 28 21 15 9 11 39 7 3 50 41 1 30 35 47 27 22 48 46 33 2 16 43 23
13 11 42 50 43 14 44 49 4 17 6 21 36 7 41 15 28 48 23 30 35 1 9 18 38 12 19 2 47 40 32 5 25 20 34 29 22 10 24 3 8 46 31 39 37 33 16 26 45 27
9 14 12 35 36 7 45 38 26 10 4 3 20 33 23 18 24 5 50 1 32 15 25 2 47 41 30 39 21 44 8 19 16 48 28 11 40 49 43 31 13 46 37 27 34 22 29 17 6 42
32 37 46 21 23 24 48 9 40 39 38 44 27 28 11 1 30 50 2 42 17 35 41 4 13 16 18 26 36 6 14 31 10 5 29 47 3 22 33 8 34 12 7 20 15 49 45 43 25 19
26 11 40 36 21 45 37 28 39 32 7 43 30 48 10 20 27 38 15 3 9 8 46 5 17 1 33 42 49 6 34 19 25 2 22 14 18 29 24 31 16 41 23 44 13 50 4 47 35 12
24 39 7 46 10 38 40 2 37 18 30 35 22 34 26 4 33 17 5 45 47 32 21 42 13 48 9 49 28 15 6 19 11 29 1 8 14 41 20 31 23 12 36 43 27 50 25 44 16 3
23 19 18 30 28 35 17 14 15 49 24 40 41 31 3 16 44 43 8 22 4 13 26 46 1 5 6 42 47 25 36 20 2 11 21 50 45 34 29 39 27 38 32 12 9 48 37 33 7 10
41 30 36 21 28 38 29 31 3 17 37 47 44 35 2 7 11 20 10 8 22 34 9 50 12 6 45 42 32 13 4 5 26 33 18 43 25 15 39 48 40 1 49 24 16 46 27 14 19 23
3 14 25 33 7 27 39 32 43 46 15 47 24 19 31 41 11 22 18 23 21 28 4 16 30 42 49 29 10 6 1 12 40 36 37 35 2 5 44 48 17 38 9 20 13 8 45 50 26 34
18 23 32 13 22 2 48 19 41 17 42 8 31 30 39 33 36 45 15 1 28 26 49 25 47 34 11 37 20 14 4 6 5 29 44 12 10 46 16 7 24 40 38 50 3 21 9 35 43 27
23 8 49 13 9 27 42 4 35 29 5 38 17 37 2 6 7 33 28 25 19 46 30 44 50 26 36 12 34 48 3 40 11 32 45 21 47 24 22 18 41 20 14 10 43 1 15 31 39 16
37 2 45 49 5 19 46 33 4 30 32 9 41 40 42 47 14 3 25 28 31 34 20 26 36 18 1 8 27 29 23 38 15 48 11 50 22 16 7 35 44 6 10 43 21 12 17 24 13 39
32 11 47 46 12 41 37 22 4 28 34 27 20 39 38 1 44 29 7 10 3 13 17 18 50 42 15 35 30 40 26 5 31 48 36 49 16 6 23 43 9 14 45 21 24 25 2 8 33 19
27 2 30 3 35 16 50 18 29 49 20 47 1 9 26 45 33 46 4 7 36 23 40 42 5 14 43 37 25 22 21 44 38 39 24 31 41 17 6 10 32 13 19 28 12 11 15 48 34 8
11 26 35 8 19 23 17 1 31 22 30 36 2 3 25 29 38 39 48 34 46 18 43 45 16 4 37 41 47 15 5 10 50 27 40 14 7 33 32 21 24 20 44 6 9 13 42 12 28 49
26 8 9 29 49 13 15 34 2 18 41 4 22 1 16 45 17 7 25 33 35 23 11 5 30 20 24 38 48 42 47 10 12 37 44 3 28 27 36 19 40 39 32 21 46 31 50 14 43 6
20 42 41 43 36 48 21 50 16 28 12 24 15 31 22 2 33 35 3 45 1 34 30 40 32 27 23 11 6 7 39 13 19 29 49 5 26 14 10 9 37 44 47 4 38 17 18 8 25 46
22 49 13 1 48 23 27 33 12 7 6 30 43 45 19 21 16 2 26 50 8 38 42 34 28 35 32 15 47 17 4 10 39 31 40 18 41 36 46 44 14 9 24 20 37 25 5 3 29 11
49 17 1 35 12 46 33 15 40 47 18 30 38 6 5 20 16 11 34 9 45 25 26 50 14 4 7 41 39 10 32 19 36 42 43 37 13 44 24 21 8 29 23 3 31 28 48 27 2 22
34 33 20 3 15 40 43 35 32 30 42 24 4 22 14 25 8 9 5 38 11 36 28 47 44 16 41 37 18 13 2 46 45 12 7 27 31 10 21 23 29 1 19 48 26 39 6 49 50 17
7 28 32 41 20 21 9 34 38 14 17 27 36 15 30 19 6 13 8 48 23 22 37 4 40 47 33 24 50 16 29 46 45 31 11 5 42 39 44 26 43 10 1 3 12 49 18 35 2 25
46 44 20 1 40 22 6 42 11 31 25 12 19 9 5 7 43 23 26 38 41 34 17 49 47 36 39 4 8 50 24 14 15 10 32 2 37 28 3 33 16 27 21 29 30 48 18 35 13 45
42 22 14 23 7 6 24 18 50 19 3 45 37 48 36 15 34 27 4 47 35 33 43 41 11 8 38 21 10 13 40 16 17 5 26 28 44 39 30 29 25 12 32 9 46 20 2 49 31 1
10 28 12 5 6 45 14 16 15 21 29 19 36 13 3 27 33 42 43 20 8 18 31 48 4 30 1 37 39 7 38 44 17 49 32 9 41 26 2 34 25 40 47 23 11 46 24 35 22 50
31 49 10 47 5 34 40 25 20 26 21 1 22 38 4 2 17 41 32 8 44 43 23 46 50 16 14 7 18 27 36 6 19 28 15 39 30 45 33 37 12 48 3 9 35 29 42 24 13 11
12 18 38 2 16 10 30 20 50 33 47 7 29 46 9 34 41 4 36 22 17 26 42 3 44 8 25 1 39 11 5 13 32 6 48 45 40 28 43 35 19 49 24 37 23 14 27 21 15 31
21 40 19 1 50 49 39 32 5 9 47 35 28 15 20 33 22 16 3 8 27 2 26 25 24 10 34 7 45 29 36 42 6 17 13 31 18 12 41 43 4 30 38 23 11 37 44 14 46 48
30 26 14 19 31 5 13 7 10 11 41 2 28 45 47 29 34 12 9 15 27 44 6 35 21 42 17 8 50 20 16 48 3 4 18 49 22 38 23 25 37 39 40 1 24 46 32 36 33 43
30 48 22 11 7 26 33 9 18 32 41 29 50 4 19 47 21 45 3 38 27 46 10 17 1 39 31 44 49 13 40 12 14 42 37 16 23 43 2 35 24 20 8 34 15 28 25 36 5 6
49 38 16 13 37 43 32 20 30 27 21 18 34 11 29 7 25 14 23 15 36 28 9 31 35 8 47 41 1 6 17 22 45 3 4 39 10 2 26 33 46 5 50 40 44 24 42 19 12 48
7 28 14 34 10 47 45 15 3 50 42 31 39 21 35 33 27 49 18 13 19 48 24 43 40 16 2 17 37 46 25 4 41 8 23 30 22 1 20 29 9 36 32 44 6 38 11 26 5 12
6 43 48 4 31 11 36 49 14 44 38 23 30 5 10 13 3 12 39 21 41 34 7 22 1 18 27 35 47 45 16 46 28 15 19 33 20 8 32 37 25 24 50 42 26 29 9 17 2 40
12 21 44 33 48 6 27 14 25 17 29 23 31 10 3 11 26 4 13 7 16 32 38 20 46 47 34 22 45 43 41 18 39 37 42 9 8 5 50 15 36 28 35 1 19 2 40 49 24 30
46 16 24 20 36 30 43 37 4 27 45 28 25 21 47 8 49 19 23 31 35 44 6 18 40 41 34 22 12 38 39 32 3 42 2 7 50 15 9 10 17 26 1 29 5 11 14 13 48 33
33 39 24 4 34 20 46 31 17 8 48 49 40 1 38 45 35 11 47 6 19 21 16 3 9 28 7 23 37 26 14 43 44 50 36 29 42 5 22 41 2 15 13 10 18 25 12 27 32 30
18 43 6 48 26 3 12 4 14 46 7 22 20 13 49 34 37 30 28 39 44 29 19 27 25 38 41 10 33 50 32 24 42 31 1 2 5 47 8 35 15 40 9 11 36 16 21 45 17 23
2 33 29 13 45 38 3 42 6 9 12 18 21 5 28 31 36 40 8 41 20 24 37 46 22 27 16 47 44 14 49 1 11 15 25 50 34 17 39 48 43 19 35 30 32 23 7 26 4 10
48 12 36 24 45 19 28 11 35 17 38 29 37 50 31 5 25 6 13 46 42 39 26 41 49 10 1 34 33 14 47 21 43 30 20 27 18 40 32 4 15 44 9 23 8 7 2 3 16 22
16 42 46 25 18 20 23 45 33 43 2 48 35 38 39 13 34 5 6 19 17 1 26 41 40 31 29 4 22 9 28 11 30 47 14 49 44 24 10 27 50 32 15 3 8 37 21 7 12 36
50 36 40 2 24 21 37 19 16 43 8 4 35 49 44 25 7 26 17 33 15 10 12 39 1 47 30 31 27 6 29 9 41 28 20 22 13 11 5 45 38 18 3 48 32 23 14 34 42 46
24 35 20 26 2 34 32 33 47 17 30 22 5 23 6 4 14 25 31 1 38 44 36 41 15 18 16 37 21 48 43 45 8 50 19 7 49 46 28 39 40 27 29 11 3 13 42 10 12 9
10 47 41 14 46 35 3 22 44 5 21 26 9 19 4 2 32 36 25 15 20 48 38 30 17 45 18 12 16 33 37 13 29 50 49 28 23 40 6 27 7 11 39 24 8 31 42 34 1 43
23 1 21 6 9 37 31 49 3 29 7 32 15 41 34 12 11 18 33 48 20 4 47 13 44 38 8 5 45 50 2 39 17 22 16 14 40 46 28 10 35 42 36 26 24 27 30 43 19 25
21 44 11 46 43 9 20 27 22 40 47 30 17 8 48 3 15 10 16 5 2 31 12 24 14 38 28 29 37 25 4 50 49 1 39 13 6 34 32 45 33 36 23 7 41 35 19 42 18 26
6 45 27 10 21 50 40 20 46 22 15 14 28 30 31 2 37 33 38 32 16 29 24 12 26 36 1 43 23 34 13 18 8 47 49 48 4 41 19 35 11 39 17 25 42 9 5 3 44 7