18

7 10 18 4 6 3 16 14 15 11 9 5 17 13 12 8 1 2
18 5 16 8 2 13 15 3 7 17 14 9 10 4 12 11 6 1
11 9 3 7 14 4 12 13 10 6 8 5 15 16 17 1 2 18
2 11 3 17 12 13 1 9 4 5 8 14 16 10 15 6 7 18
5 14 8 15 11 13 9 16 3 7 12 18 10 1 6 17 4 2
14 7 4 9 12 10 1 18 2 8 13 6 3 11 17 15 5 16
14 9 16 2 11 15 5 8 12 17 7 18 4 13 3 1 10 6
9 1 5 6 11 16 8 10 17 15 13 7 12 14 3 18 4 2
1 8 2 17 7 13 3 5 11 16 9 12 15 18 4 14 10 6
2 7 4 17 15 6 8 9 14 10 3 13 18 12 11 16 1 5
1 8 9 4 2 7 10 14 12 18 3 5 17 6 15 11 13 16
15 7 12 16 6 5 2 9 3 10 13 11 14 4 18 8 17 1
9 6 14 12 13 18 11 5 2 16 17 4 1 7 3 10 8 15
9 6 2 11 14 7 15 10 4 8 16 1 18 13 12 5 3 17
1 4 16 6 5 17 14 12 18 3 13 15 7 8 2 11 9 10
14 16 1 17 5 4 7 10 13 15 18 6 8 2 11 3 12 9
4 6 15 18 3 10 13 11 16 2 9 1 14 17 8 7 12 5
5 18 9 4 6 14 13 1 3 8 7 10 12 15 11 16 2 17

3 11 8 15 4 5 14 7 17 2 6 10 12 9 18 1 13 16
5 17 14 2 13 9 10 6 4 1 18 12 3 16 11 8 15 7
17 13 1 7 3 4 14 12 16 6 11 5 9 2 8 10 15 18
6 17 2 9 12 8 1 16 14 4 11 15 7 13 3 5 18 10
12 14 2 5 6 13 9 4 11 7 17 10 16 3 1 15 8 18
17 8 5 10 15 9 2 12 16 11 18 13 4 14 3 1 7 6
17 4 14 9 7 2 1 12 11 16 13 6 18 15 3 8 10 5
17 5 13 10 11 1 9 2 15 3 12 18 4 14 6 8 7 16
10 7 18 8 6 4 13 3 16 12 17 9 15 1 5 11 2 14
6 13 7 5 11 4 17 16 1 15 12 18 2 9 3 14 10 8
2 1 6 8 14 10 3 12 18 11 15 13 7 4 16 5 9 17
14 10 4 13 11 16 17 6 2 7 5 3 9 12 1 18 15 8
2 13 5 8 18 15 6 4 1 14 10 3 12 9 7 11 17 16
14 16 4 7 18 2 15 8 3 9 5 1 6 11 17 10 12 13
17 10 1 15 8 2 18 7 14 4 13 5 12 6 3 11 16 9
15 11 2 16 3 13 17 14 12 18 8 4 5 6 10 9 1 7
14 5 11 6 8 15 10 3 16 12 17 1 7 9 18 2 4 13
10 18 4 12 8 9 14 5 6 7 2 1 17 11 16 3 13 15