13

11 2 9 8 5 3 6 1 7 12 10 4 13
5 6 10 1 8 3 2 13 4 9 7 11 12
3 11 13 8 4 12 9 6 7 2 1 5 10
5 10 1 3 7 2 9 6 12 4 8 11 13
4 1 7 3 9 2 11 6 13 12 8 10 5
10 7 5 8 4 3 13 1 2 11 12 6 9
13 10 11 7 4 9 2 5 8 1 12 6 3
9 10 11 2 12 6 3 13 8 7 4 5 1
1 10 4 7 6 13 8 5 2 9 3 12 11
9 2 6 12 3 7 10 4 1 13 8 5 11
2 6 4 10 1 13 12 7 9 5 3 8 11
8 10 11 9 2 5 3 6 1 12 13 4 7
13 9 8 7 2 4 6 1 10 5 3 12 11

12 8 5 7 2 13 10 1 9 3 4 11 6
1 13 10 5 7 6 3 9 11 2 4 8 12
8 10 9 12 3 6 1 7 5 13 11 2 4
8 6 10 4 1 5 13 11 7 12 2 3 9
6 9 7 1 8 4 3 10 11 5 2 12 13
7 12 3 2 1 10 4 5 6 9 11 13 8
7 13 6 10 8 2 11 5 9 1 3 4 12
4 13 3 10 1 9 12 6 8 11 5 2 7
8 2 13 4 6 3 12 9 10 7 1 5 11
9 10 2 7 4 11 13 12 8 1 6 3 5
5 11 3 10 7 9 13 8 1 2 4 6 12
11 1 10 12 4 8 5 6 3 7 13 2 9
13 6 5 1 3 9 2 11 4 10 12 7 8