60

5 48 30 55 4 59 31 39 25 3 17 33 20 60 38 1 41 35 40 12 22 42 49 47 53 37 13 50 8 9 2 14 52 24 11 29 51 28 10 46 27 18 57 23 26 58 32 34 44 43 15 16 54 21 45 19 6 36 7 56
19 6 33 5 53 40 4 8 31 59 47 46 60 34 44 57 22 23 7 38 42 52 12 25 2 51 10 18 35 21 39 48 11 1 41 24 26 20 14 27 29 3 37 49 32 36 16 56 30 55 13 9 15 43 28 58 45 54 50 17
8 11 17 60 29 28 45 9 21 54 18 2 46 4 32 56 16 35 44 23 34 52 20 41 30 1 26 53 43 15 50 3 49 57 13 33 36 47 39 14 40 6 55 22 5 31 37 19 24 51 7 42 58 25 38 59 27 48 10 12
19 10 57 51 54 20 14 16 6 18 7 37 39 4 25 27 34 42 48 12 33 22 32 35 13 58 3 49 44 38 9 8 29 23 46 21 24 36 15 47 53 31 59 40 43 60 30 50 1 45 5 2 41 55 28 11 17 56 52 26
35 42 5 9 22 30 20 39 2 59 21 16 8 41 37 55 3 60 38 4 46 43 49 17 13 52 12 53 45 56 18 47 1 58 24 36 7 48 27 33 40 26 10 19 50 54 6 14 29 51 31 34 23 28 15 57 25 32 11 44
55 39 60 17 21 14 18 38 58 36 42 16 9 29 47 57 19 1 8 4 6 37 50 49 51 25 54 7 5 33 31 46 23 34 3 26 48 59 30 15 52 35 32 10 2 11 12 56 27 43 24 13 41 22 20 28 53 45 44 40
40 33 5 43 22 57 56 16 54 59 2 52 13 34 10 39 60 3 32 44 21 18 9 14 31 20 8 50 1 7 12 17 30 29 51 15 28 37 23 53 6 42 25 26 47 35 36 46 55 27 38 49 45 24 48 58 4 11 41 19
23 55 60 56 24 34 14 20 29 44 53 18 47 6 48 52 2 28 4 30 26 59 32 39 45 17 1 40 25 51 22 31 3 12 49 21 13 11 43 7 16 10 36 58 46 9 41 33 5 37 27 50 19 42 57 8 35 15 54 38
55 25 4 58 37 33 13 11 39 3 56 47 10 26 38 6 50 12 9 28 57 41 46 48 52 36 53 40 22 20 16 42 31 2 24 49 21 14 5 60 1 7 29 15 45 23 27 34 35 44 30 51 54 8 17 19 32 18 43 59
10 13 28 44 40 7 26 52 54 22 41 14 6 32 47 57 37 18 49 1 29 17 58 34 42 59 55 33 4 3 38 27 9 11 24 46 12 20 19 53 5 39 56 43 21 51 2 25 15 36 45 23 31 48 30 60 16 35 8 50
33 1 35 11 22 59 49 14 44 53 28 41 26 8 3 10 36 31 6 32 45 43 47 60 18 7 51 52 16 13 37 38 25 23 56 50 9 29 5 4 15 30 39 40 34 20 42 57 2 12 27 54 55 48 17 21 19 58 24 46
32 42 41 19 34 16 1 10 60 2 56 31 17 43 48 28 30 27 11 25 58 23 8 5 6 40 53 15 45 4 29 9 37 57 38 21 13 12 46 18 52 59 7 44 3 39 26 47 51 36 54 35 49 55 50 20 22 33 14 24
54 60 9 26 13 25 44 58 39 40 57 4 11 45 41 17 16 28 32 15 12 23 43 24 2 31 33 37 38 29 22 18 49 55 50 47 1 59 53 3 30 52 21 46 36 5 42 8 56 34 51 10 35 7 20 14 19 6 48 27
30 9 19 56 35 51 39 2 15 45 58 12 32 18 46 8 21 50 38 37 57 36 53 24 13 29 41 34 52 44 26 25 42 55 23 10 33 4 54 20 48 17 16 27 60 49 1 6 40 5 28 47 31 7 3 43 11 59 14 22
3 28 24 49 1 31 48 20 57 22 5 59 29 43 25 42 51 11 13 54 46 6 47 58 26 14 32 19 27 53 30 15 10 35 21 36 39 8 38 9 2 52 60 34 16 12 37 4 45 17 50 55 33 56 23 7 18 40 44 41
45 44 16 33 26 24 52 41 31 17 23 34 32 59 27 54 43 5 39 8 46 19 58 50 12 51 11 30 14 4 57 22 28 15 3 7 40 38 18 36 6 42 56 10 60 53 25 49 21 47 1 35 37 48 29 9 13 20 2 55
21 20 29 38 50 9 23 41 57 26 59 7 48 4 42 2 27 44 19 17 5 56 51 22 3 35 6 47 33 1 16 15 34 40 24 54 32 11 45 37 13 30 10 55 52 39 12 8 18 53 46 43 49 36 28 31 58 60 14 25
12 55 56 1 41 42 26 7 32 30 35 10 21 49 25 47 8 36 19 24 9 59 3 45 31 40 5 29 38 27 44 13 46 48 4 2 15 28 20 23 18 50 43 37 11 14 54 51 57 52 6 16 34 33 22 60 39 58 53 17
48 36 30 29 31 50 20 10 2 49 22 12 11 42 25 38 41 53 18 33 15 35 47 54 28 56 19 59 34 37 44 7 39 55 23 45 1 21 43 40 32 52 26 9 8 57 17 4 3 5 27 24 13 6 14 16 58 51 46 60
37 47 55 2 6 24 29 54 59 34 40 42 31 8 10 58 46 12 32 17 56 28 7 19 48 44 3 15 30 51 21 14 43 1 52 11 49 36 5 60 22 57 53 27 23 4 33 41 35 25 39 50 16 9 38 18 13 26 20 45
32 13 60 54 39 47 44 23 59 24 31 35 38 27 22 52 57 28 56 16 6 14 8 41 49 1 43 40 21 34 36 51 50 29 55 42 9 37 18 20 5 58 26 12 53 25 7 4 46 33 48 15 17 11 3 19 10 45 2 30
47 59 15 18 54 3 45 30 9 21 13 11 36 26 12 22 51 34 7 52 35 46 56 37 43 19 31 2 57 17 49 38 23 24 50 27 4 16 28 8 5 48 33 25 42 58 53 10 44 1 32 29 6 20 40 41 60 14 55 39
16 27 23 50 39 45 35 55 32 48 28 5 47 22 42 11 37 29 59 36 46 40 49 25 31 15 26 30 53 8 41 9 20 57 34 43 7 19 56 21 38 13 3 18 2 44 6 58 12 60 33 51 24 4 52 54 1 10 17 14
39 60 24 22 4 31 53 28 17 44 50 37 49 19 51 14 20 45 32 18 41 5 43 2 16 23 27 55 9 52 13 58 34 25 3 46 33 21 12 11 42 7 57 48 26 36 6 40 29 30 54 8 10 47 35 59 15 38 56 1
60 54 45 39 11 20 5 24 28 14 57 2 12 15 51 21 38 49 48 6 37 1 26 30 42 33 43 19 36 27 31 22 52 46 3 41 10 58 50 18 7 47 56 32 29 53 55 44 25 8 59 23 13 17 9 35 4 16 40 34
8 54 47 24 18 44 38 15 16 21 27 10 52 6 51 14 26 11 42 29 45 58 57 49 48 55 25 37 28 33 34 2 59 9 41 13 22 43 35 1 20 7 60 36 5 40 23 32 50 4 19 30 17 12 46 53 31 39 3 56
50 27 45 54 30 9 49 25 53 7 58 38 37 8 21 57 31 2 51 34 48 59 1 6 44 46 3 5 42 13 40 28 4 10 20 56 19 41 47 33 17 18 11 14 16 32 24 55 52 15 60 12 29 35 39 26 43 22 36 23
57 52 20 32 34 40 28 25 1 54 24 7 18 13 39 30 19 48 21 49 53 5 37 16 4 22 44 46 55 38 2 47 26 11 58 9 43 29 45 12 35 3 56 42 14 36 50 33 51 17 8 59 15 6 27 10 31 60 41 23
12 21 55 2 28 30 54 16 35 24 17 1 46 5 7 47 8 10 18 40 23 50 43 4 57 27 48 45 26 37 42 36 9 29 6 11 56 44 38 19 39 58 51 33 15 25 59 32 52 14 20 3 13 22 41 34 53 49 60 31
60 39 54 13 37 21 17 33 1 6 58 59 23 31 12 35 14 28 7 42 41 4 47 52 38 45 53 48 29 20 3 50 8 24 44 16 19 57 5 22 2 36 55 25 9 56 27 15 43 26 51 34 46 18 11 30 49 40 32 10
50 48 1 20 25 35 60 24 55 31 3 51 19 6 37 13 27 44 36 18 30 33 16 53 10 59 41 47 32 46 58 29 8 15 40 9 43 5 26 45 28 4 42 2 56 17 14 38 21 12 54 11 39 52 49 7 22 34 23 57
19 40 60 59 21 8 23 30 3 33 43 46 36 50 53 31 58 55 13 16 12 34 24 48 57 45 1 4 25 20 22 56 54 51 7 37 11 29 38 35 32 9 44 15 47 39 6 2 26 14 5 10 52 17 27 49 28 41 42 18
47 6 20 23 1 26 9 37 29 58 36 28 22 45 4 25 13 3 39 12 49 38 40 11 8 35 46 48 7 32 54 27 19 10 50 14 31 56 30 60 41 53 55 2 24 17 18 42 59 21 43 57 44 16 52 15 33 5 34 51
6 1 39 10 40 57 42 43 22 9 35 58 44 30 60 47 48 3 15 34 50 37 49 2 21 25 59 46 31 17 12 29 45 38 4 28 51 52 20 7 11 19 53 13 32 14 41 5 18 54 26 24 33 16 36 56 8 23 55 27
36 6 48 59 50 18 21 30 54 16 46 17 31 26 22 29 43 2 44 52 23 40 20 1 28 24 32 51 57 45 37 15 47 35 41 11 42 3 10 56 33 60 34 8 4 58 55 27 25 39 38 49 12 7 5 13 19 9 14 53
51 58 5 17 28 47 40 52 57 31 38 2 15 41 24 3 55 20 39 11 12 59 43 16 4 13 23 1 49 54 53 46 32 14 60 30 9 37 27 10 35 45 22 50 44 34 21 42 6 25 33 18 36 29 56 8 7 26 48 19
21 31 15 59 18 22 42 17 52 41 7 19 55 60 13 5 44 54 12 53 49 6 23 20 48 10 38 26 51 29 46 39 9 1 34 32 58 45 3 36 50 47 37 11 24 57 30 56 2 40 16 43 33 25 4 8 35 27 14 28
47 3 49 57 54 14 12 26 8 29 38 4 20 17 56 31 58 2 28 34 22 39 45 9 19 43 52 6 10 53 23 40 55 36 48 60 21 18 11 50 44 41 27 37 15 16 46 13 1 7 5 24 42 51 59 35 25 33 32 30
48 52 58 59 8 38 32 12 19 60 51 44 34 41 45 13 4 55 6 20 17 53 26 49 16 29 23 47 5 35 11 15 7 54 1 9 30 3 36 14 27 28 33 25 22 31 42 46 37 18 10 43 40 50 39 57 21 2 56 24
33 60 4 38 56 24 23 16 44 28 14 43 34 41 54 9 7 36 3 59 45 8 2 42 10 50 1 27 26 55 20 5 39 30 19 49 52 12 40 21 58 57 51 48 35 17 11 53 22 6 37 25 47 31 46 29 32 13 18 15
36 22 38 5 8 37 43 19 44 17 29 48 39 10 55 6 2 33 25 46 32 35 9 15 14 16 58 18 24 50 26 7 40 53 52 20 23 56 21 60 27 13 12 3 45 49 30 57 28 1 41 51 59 54 47 42 11 34 4 31
18 38 8 11 15 60 26 46 14 51 29 25 55 30 47 54 50 58 45 40 57 41 1 13 52 53 3 56 31 2 37 9 16 6 24 34 12 17 5 36 49 27 19 21 10 44 20 33 23 42 4 28 59 48 7 43 35 39 32 22
26 57 31 46 51 47 54 39 3 27 40 55 49 24 7 17 32 10 30 45 34 38 52 60 59 56 20 33 50 4 29 44 42 11 22 36 21 6 9 16 8 2 58 25 43 13 35 19 48 41 15 37 28 18 5 14 1 53 12 23
5 47 42 28 14 25 49 41 33 8 12 7 22 21 20 58 19 30 26 38 9 23 55 11 24 2 34 44 16 54 35 1 37 36 17 57 18 59 10 48 6 3 50 51 27 45 39 46 32 53 4 31 43 15 60 40 56 13 52 29
34 50 29 44 21 18 42 27 13 36 40 32 56 57 16 59 5 52 30 25 17 8 7 54 11 49 43 6 23 41 2 55 45 9 1 31 14 58 15 26 46 24 51 10 20 53 22 12 28 35 37 33 60 4 47 3 38 19 39 48
54 10 50 47 12 24 1 18 55 45 7 56 59 33 19 28 3 44 29 32 49 9 60 15 16 26 11 51 36 46 2 37 39 8 53 43 57 38 23 52 22 58 14 25 30 42 20 6 34 17 13 27 41 31 40 35 4 21 48 5
60 53 31 4 58 44 40 19 15 14 23 50 42 5 6 36 7 47 2 24 59 28 54 46 11 37 16 20 26 41 10 21 43 25 33 45 8 18 35 12 22 49 34 38 29 51 13 55 1 30 48 39 32 3 27 52 57 17 9 56
46 53 55 40 35 15 7 31 16 51 26 45 27 9 21 37 32 24 54 20 13 42 22 19 1 60 11 18 6 14 44 41 23 12 57 47 38 58 10 49 17 30 28 36 4 2 8 59 52 56 25 29 48 43 5 39 50 3 33 34
41 50 16 13 43 56 29 51 60 44 25 49 18 32 31 17 30 36 57 11 48 58 28 5 45 46 3 6 27 20 54 9 2 42 33 7 4 19 21 22 12 35 26 24 38 23 52 53 37 10 14 59 40 34 39 15 47 55 8 1
10 11 13 33 38 49 26 15 5 6 34 35 19 51 30 55 47 17 42 45 52 60 21 37 8 20 22 39 46 53 7 2 40 44 18 23 27 32 56 14 54 36 4 3 25 24 1 58 57 59 29 12 16 31 50 9 41 43 48 28
29 31 27 32 30 26 24 48 49 57 20 15 55 11 14 25 3 23 21 44 42 51 4 1 28 46 45 59 8 22 60 34 12 56 43 37 18 10 41 33 7 17 19 9 16 40 38 58 52 54 47 35 5 39 36 50 13 2 53 6
9 19 6 55 41 50 15 52 36 8 51 13 48 32 54 39 47 42 43 33 58 40 7 18 59 30 11 25 10 35 38 49 23 44 16 24 4 29 22 27 34 12 17 45 21 14 28 57 53 60 1 26 56 46 5 31 2 20 37 3
22 33 7 9 16 15 51 3 11 4 5 47 50 24 53 36 52 40 57 38 18 58 39 28 59 35 46 25 31 43 2 32 44 29 10 55 14 48 30 23 20 19 13 6 17 45 56 42 34 60 8 49 41 12 21 26 27 1 54 37
12 45 41 36 2 23 22 51 47 44 49 21 48 52 40 13 14 7 15 18 33 8 54 35 16 46 43 55 59 56 57 29 11 60 17 39 37 50 26 6 24 1 19 20 53 10 5 4 32 38 58 28 3 42 30 27 31 9 25 34
22 12 24 32 45 11 5 51 20 27 29 48 47 58 38 25 10 14 36 39 21 28 55 50 2 26 13 54 1 42 35 43 31 8 37 15 53 49 6 57 40 16 17 56 52 60 18 23 59 46 34 7 19 33 4 44 41 9 30 3
18 4 22 26 3 44 38 24 41 16 53 42 23 49 59 54 32 36 12 51 2 28 43 25 34 33 37 13 55 27 9 29 50 14 5 20 56 19 30 39 48 8 6 58 10 11 57 40 52 17 7 60 21 45 46 35 31 1 15 47
46 11 19 43 52 14 16 24 21 1 8 23 29 7 39 42 37 13 31 34 3 58 27 56 10 9 54 26 32 38 18 41 30 28 59 53 50 44 47 36 4 35 48 57 12 6 51 49 15 20 25 17 2 40 33 22 5 60 45 55
26 34 35 17 8 18 6 7 15 13 27 21 47 10 55 57 19 3 22 54 52 29 30 56 48 37 31 2 9 50 23 5 40 4 36 1 24 11 59 43 32 53 49 16 44 58 38 14 41 20 12 46 51 33 42 25 60 39 45 28
19 51 18 52 21 16 48 33 54 2 36 41 8 53 43 40 32 11 10 60 58 37 56 38 22 25 47 50 27 45 3 13 24 44 4 1 15 49 57 30 34 59 23 55 14 17 20 31 9 7 39 28 42 5 6 35 26 46 12 29
47 13 49 3 56 17 10 16 20 53 12 18 25 39 55 33 57 43 60 51 9 28 37 36 24 5 11 22 1 31 30 52 32 40 58 54 26 6 19 2 4 35 48 34 41 59 14 44 15 7 29 50 23 38 46 27 8 21 45 42

24 1 9 31 25 59 46 29 32 7 22 51 47 15 5 18 21 60 44 23 52 39 35 8 13 10 54 48 50 4 40 45 2 20 43 42 26 36 33 38 14 3 30 27 58 41 34 53 6 56 16 19 12 28 57 11 17 37 55 49
39 29 33 38 26 16 6 56 49 51 42 52 40 10 23 32 4 15 12 2 11 53 21 17 50 55 54 35 5 34 24 22 13 25 18 59 3 28 36 37 58 8 46 31 30 44 9 48 27 45 14 19 57 7 43 41 20 1 60 47
36 12 52 21 57 59 18 8 44 47 32 1 45 34 42 48 60 22 39 28 51 29 38 26 33 11 37 43 7 49 6 27 58 46 3 17 56 54 13 16 10 40 23 35 2 53 5 19 24 14 31 50 55 4 15 9 20 30 41 25
2 37 51 17 4 36 3 45 54 26 55 25 8 58 35 7 30 49 48 21 43 12 38 18 13 41 9 32 29 5 1 14 10 34 39 42 20 50 52 27 15 59 53 40 11 47 19 57 28 31 56 44 16 33 60 23 22 46 24 6
18 34 17 31 14 52 39 36 41 50 21 37 10 55 5 3 47 54 27 57 51 58 28 38 49 4 46 24 48 45 44 60 12 22 1 43 2 32 11 56 15 25 26 16 29 20 30 35 59 42 23 9 8 19 7 53 6 33 13 40
36 11 1 53 51 47 12 6 17 40 37 39 29 23 15 19 50 52 2 57 9 7 43 22 16 26 44 59 3 13 56 41 14 48 45 18 54 4 20 33 25 60 46 28 5 31 58 34 32 27 24 35 49 42 10 30 38 21 55 8
21 18 28 17 43 3 32 44 25 7 56 14 27 45 26 34 48 35 10 11 51 59 58 23 15 13 33 1 60 37 2 55 53 57 52 49 41 24 5 22 16 50 12 6 9 40 39 8 36 20 46 4 19 54 29 42 38 30 31 47
3 42 48 43 21 35 23 59 19 9 15 18 41 60 51 17 11 7 55 53 49 29 56 45 34 27 16 26 44 32 13 24 4 25 10 28 58 46 8 57 37 40 20 6 36 14 50 12 30 31 39 54 1 22 47 52 2 33 38 5
57 23 21 52 11 34 29 44 46 20 55 24 1 7 54 3 48 35 60 4 33 42 37 56 45 19 39 14 9 32 6 59 10 5 13 27 58 25 18 53 16 28 43 15 22 38 31 12 8 36 41 47 17 40 2 51 49 30 50 26
28 40 8 15 55 26 33 30 51 50 46 48 22 38 14 53 17 42 45 58 9 32 24 2 21 34 47 41 11 59 44 1 3 43 35 25 4 37 16 39 31 57 6 13 20 19 18 5 49 54 56 10 29 36 7 60 52 27 23 12
32 7 43 34 37 50 49 48 12 23 11 57 8 14 44 42 33 4 54 35 60 15 3 5 36 6 31 30 41 19 9 2 22 56 10 40 51 20 47 1 58 24 45 25 26 38 55 53 28 52 18 59 39 17 46 16 13 27 29 21
60 35 28 38 16 50 32 6 24 7 53 12 57 21 58 34 54 5 33 19 29 25 4 46 27 45 17 15 9 20 30 22 47 41 1 13 52 42 44 18 55 49 2 14 43 31 8 40 26 59 11 10 23 51 3 39 37 36 48 56
8 27 59 50 2 57 28 20 36 25 16 15 44 41 55 23 30 12 53 6 39 32 58 10 17 37 7 49 24 60 3 45 35 40 14 1 52 46 56 22 54 5 51 31 9 21 48 34 13 11 26 19 33 18 42 47 38 29 4 43
32 46 34 28 41 13 51 39 54 21 47 59 12 35 53 6 45 36 7 1 22 8 10 26 4 5 17 42 25 56 3 11 29 37 15 48 49 31 57 24 52 44 40 50 30 43 23 2 38 27 58 18 55 60 16 19 14 20 9 33
58 5 36 4 50 40 56 38 33 52 18 55 26 19 46 44 2 14 28 17 29 25 42 48 37 43 16 20 15 53 47 21 51 12 7 11 39 54 1 8 6 13 10 22 9 23 35 31 34 27 60 49 3 24 41 57 32 59 45 30
40 25 9 39 16 42 23 35 12 37 60 5 41 57 43 34 55 28 20 19 56 54 50 3 14 27 33 53 30 18 7 44 17 36 11 24 46 47 31 48 1 59 21 15 13 52 10 58 22 38 51 4 8 2 29 45 49 32 26 6
50 48 7 20 26 18 23 31 8 36 46 47 39 32 49 24 60 53 43 57 45 21 35 30 27 1 37 15 4 56 54 34 2 40 5 33 22 13 11 52 58 44 6 16 38 19 12 17 3 28 59 42 14 29 41 55 25 9 51 10
7 51 59 23 44 20 16 37 12 29 60 27 17 42 4 53 41 1 30 38 47 56 25 57 24 28 36 2 13 19 9 40 33 21 50 35 10 22 58 46 5 26 45 55 32 11 3 6 48 31 54 49 34 14 52 15 39 43 18 8
37 27 51 23 36 6 12 2 39 45 48 19 3 8 32 29 25 57 20 47 41 21 4 5 16 52 14 31 60 55 59 1 43 42 11 15 22 17 44 50 40 28 7 53 34 24 54 26 13 38 58 49 9 18 33 30 10 56 35 46
37 15 25 42 1 48 33 41 16 44 7 26 35 39 8 6 23 49 50 21 57 40 24 9 12 45 2 32 10 30 19 53 11 38 31 28 36 18 34 4 27 22 20 54 60 14 43 5 47 58 52 29 51 56 46 55 59 13 17 3
31 12 54 34 43 28 36 15 25 8 3 57 48 50 24 60 53 49 51 11 30 56 29 10 32 1 45 7 9 58 14 41 44 17 2 23 39 26 38 13 40 52 46 19 5 20 6 47 27 35 42 33 59 37 18 21 55 22 16 4
3 49 51 26 20 60 58 22 37 27 13 32 50 33 23 52 12 56 1 17 5 14 38 25 35 47 43 31 16 19 21 9 57 44 53 2 10 40 8 54 45 30 28 15 42 6 24 4 46 29 34 41 11 39 59 48 18 7 55 36
37 45 42 4 9 60 26 5 51 46 10 44 34 15 33 2 38 55 40 21 3 31 6 48 32 1 50 39 19 11 59 22 28 54 27 14 30 47 36 20 18 16 41 35 49 43 52 23 24 56 29 57 13 58 12 25 17 53 7 8
26 32 39 14 2 45 37 47 3 43 9 19 53 57 1 23 35 20 56 44 55 40 15 34 48 16 30 42 49 38 7 17 4 54 24 41 60 25 50 6 27 13 36 12 46 10 58 52 21 5 28 18 29 11 31 33 8 51 22 59
35 10 14 22 15 51 58 16 39 9 20 57 17 41 11 36 45 55 23 7 40 26 8 4 56 6 25 42 53 60 52 38 28 24 44 54 19 37 21 18 1 3 29 47 43 2 27 50 31 5 34 33 46 59 32 13 12 30 49 48
55 48 6 5 21 12 1 9 16 38 19 36 35 2 23 28 30 39 42 59 14 13 3 56 17 24 47 31 29 57 50 37 8 54 25 18 53 4 58 26 49 11 46 27 15 43 44 20 33 22 51 60 32 10 7 45 41 40 52 34
51 31 23 38 26 50 30 41 9 7 24 48 21 43 5 18 1 35 36 29 16 11 40 55 4 22 14 45 6 53 56 2 57 13 15 17 39 27 59 47 28 25 10 37 54 19 20 8 44 12 3 49 46 32 58 42 33 34 60 52
39 12 45 9 5 58 31 44 60 22 3 38 43 2 51 28 23 36 14 30 52 56 11 25 13 10 1 4 15 18 54 42 35 34 17 53 50 46 57 19 20 27 24 48 7 16 33 55 21 26 49 47 37 40 59 32 29 41 8 6
54 34 8 39 21 33 25 29 3 52 36 2 55 58 28 44 50 9 30 14 56 4 41 27 46 18 11 24 49 42 60 47 7 38 53 57 12 37 17 32 15 10 6 1 13 51 45 59 16 20 40 35 23 5 48 26 22 19 31 43
49 54 58 19 55 14 42 23 9 4 53 17 52 31 34 35 11 16 8 29 60 41 43 15 36 21 48 46 28 3 39 24 20 37 59 26 57 10 45 27 38 6 18 40 44 1 2 7 13 51 22 56 32 47 50 12 33 5 30 25
54 37 60 19 35 21 27 49 28 36 39 55 42 45 47 5 29 50 1 15 24 53 51 40 7 22 11 33 23 16 31 38 20 46 52 41 26 6 18 9 32 25 13 44 58 10 59 57 30 8 43 3 56 2 4 17 48 12 34 14
12 5 2 60 1 39 56 42 19 28 35 51 11 47 24 59 45 14 34 21 49 55 7 32 16 36 3 43 44 58 20 6 27 46 18 53 13 57 33 31 15 41 9 50 8 38 30 22 37 26 48 40 52 54 4 25 23 29 10 17
40 42 54 29 50 49 26 59 39 46 23 31 45 1 8 12 7 32 24 5 25 52 35 13 48 9 47 56 30 6 58 34 21 27 41 33 20 2 18 38 10 36 17 55 15 44 28 53 51 4 57 16 14 3 22 11 19 37 43 60
22 53 50 59 43 60 15 26 44 24 14 38 46 45 33 47 52 19 12 6 7 1 35 8 17 42 10 4 40 3 56 16 5 11 13 31 55 58 20 48 57 51 54 32 21 23 30 27 36 2 18 37 29 41 9 25 39 34 49 28
19 39 50 2 10 1 9 52 46 15 36 22 53 33 41 58 20 59 12 38 34 49 29 7 13 6 42 8 30 3 57 11 48 55 31 28 16 14 45 54 24 60 47 56 17 18 40 35 27 21 25 44 51 37 23 26 43 4 32 5
32 4 51 17 30 24 28 60 2 6 47 9 12 31 18 38 16 21 42 39 40 56 10 29 59 53 26 11 41 54 57 55 19 1 15 44 50 33 35 36 13 37 8 23 25 45 52 5 46 22 49 27 14 7 3 58 34 20 43 48
31 46 16 1 25 43 13 30 60 18 11 49 12 26 40 36 9 10 57 22 15 55 56 21 52 42 14 51 32 39 24 48 35 29 28 8 34 3 33 17 38 54 20 47 6 44 4 53 37 45 50 58 7 19 5 2 59 41 23 27
26 17 46 52 53 57 54 43 56 27 10 2 33 1 11 19 29 20 28 7 49 25 50 4 55 9 42 30 34 41 18 38 22 13 14 16 47 36 45 31 8 44 32 5 37 48 24 35 12 39 60 3 23 21 6 59 15 40 58 51
43 2 57 32 36 25 54 55 16 30 9 35 48 42 14 41 59 29 15 44 39 7 17 1 34 56 26 23 10 22 58 53 49 5 8 12 13 60 24 33 46 40 27 21 11 37 51 28 45 52 18 20 4 6 3 47 50 38 31 19
53 6 17 60 38 37 33 42 15 43 16 44 39 14 2 50 27 34 59 11 21 10 22 20 54 9 55 41 5 49 32 23 57 51 36 25 45 46 26 19 40 18 58 24 29 3 31 47 48 13 1 35 30 4 8 56 12 7 28 52
2 59 54 7 37 28 5 55 25 26 35 49 29 50 56 1 39 20 4 31 24 52 42 46 14 21 8 34 19 18 15 40 22 45 9 33 58 57 48 3 44 41 11 36 32 60 16 43 53 6 38 47 17 10 12 23 27 30 51 13
23 60 55 17 36 59 22 3 56 26 57 1 44 20 39 27 16 45 43 8 7 33 40 54 6 10 37 47 52 51 13 34 29 53 4 15 41 5 19 42 28 32 46 25 21 58 14 38 24 30 11 9 35 50 31 18 49 2 48 12
14 15 50 48 47 22 38 12 59 53 17 39 24 31 20 52 44 13 42 43 28 18 32 57 27 34 58 33 7 4 9 5 1 11 49 55 23 21 16 54 6 51 3 35 29 2 40 45 37 46 60 25 41 10 36 19 26 30 56 8
19 60 37 22 48 32 50 7 27 30 29 36 54 26 59 45 11 33 31 21 28 16 53 12 2 43 5 40 4 39 47 10 8 6 9 51 17 34 1 14 41 13 15 44 42 24 35 56 25 52 38 49 20 57 55 18 58 3 46 23
59 33 37 30 4 31 3 23 22 46 35 32 18 2 26 5 11 29 51 44 17 55 34 8 15 50 40 52 57 9 43 47 13 12 45 6 41 53 25 1 14 28 54 60 42 21 39 20 56 7 24 58 38 49 48 36 19 16 10 27
44 8 55 42 50 37 48 10 1 9 59 58 36 29 39 12 2 53 25 33 21 45 24 54 47 6 4 23 28 3 60 22 56 16 27 43 57 51 34 15 35 41 49 32 13 30 26 18 14 7 5 40 20 19 52 17 11 31 46 38
40 21 33 34 28 20 41 45 54 53 12 10 24 23 30 19 46 2 58 32 42 60 39 7 50 5 55 31 4 9 36 3 43 25 37 51 27 49 17 52 38 29 18 47 1 26 56 44 35 48 14 11 22 59 15 16 8 57 6 13
28 44 23 34 56 30 21 29 38 54 49 46 33 42 39 27 50 16 12 36 8 37 60 41 57 59 24 48 3 2 43 25 47 26 7 17 53 45 6 15 20 19 1 18 52 10 55 11 51 4 9 31 40 22 35 5 14 58 32 13
3 16 8 50 33 42 37 25 26 23 20 30 2 5 10 57 28 51 41 47 48 11 46 56 49 53 32 60 58 17 29 31 24 45 39 9 35 54 1 36 15 12 21 22 7 55 59 52 6 44 38 13 43 40 34 27 18 4 19 14
27 36 40 22 51 35 23 52 26 1 30 13 50 5 29 18 56 37 28 41 12 25 14 20 48 8 57 38 55 17 32 47 33 7 6 11 24 60 21 9 44 59 16 45 4 42 43 58 34 2 39 53 15 19 31 49 10 54 46 3
41 16 12 13 46 6 30 19 59 10 32 2 40 36 37 8 23 55 52 53 4 9 34 5 44 26 11 42 25 47 60 45 3 58 15 21 39 56 49 29 57 31 14 1 27 51 22 18 43 38 24 33 48 28 50 35 17 20 54 7
15 14 19 48 34 13 57 21 10 25 35 53 46 51 33 60 27 59 30 29 12 45 1 32 38 18 20 52 49 11 43 47 4 42 28 23 5 8 39 50 26 2 58 7 6 56 9 54 3 24 17 22 36 44 55 40 31 37 16 41
48 15 19 36 38 17 45 55 41 6 33 56 58 7 2 3 51 25 39 42 28 10 44 4 24 1 31 12 29 14 37 47 27 22 59 9 11 21 40 53 13 54 50 8 20 34 26 60 49 32 43 18 5 30 23 35 52 16 57 46
16 58 32 4 47 8 41 40 22 52 15 20 55 53 42 31 13 48 18 26 21 50 37 59 45 23 19 39 49 28 54 30 34 24 12 27 1 56 11 3 6 29 35 43 33 25 60 17 46 38 5 14 9 44 57 36 2 7 10 51
35 57 22 49 15 38 36 11 52 56 60 31 14 55 24 45 32 13 8 59 9 17 30 6 53 3 42 27 43 26 37 33 54 21 28 48 2 18 20 29 41 1 51 4 47 5 7 39 50 46 25 40 10 58 19 23 34 16 44 12
27 5 1 12 43 16 52 55 32 11 25 45 31 8 58 15 4 40 30 56 21 22 44 38 37 9 18 20 23 42 7 26 34 54 14 60 28 6 2 35 10 48 49 17 36 50 19 59 24 51 53 29 3 57 39 46 13 47 33 41
13 2 53 40 25 26 32 54 10 7 35 31 1 39 30 43 60 6 36 20 33 46 44 58 45 17 12 16 28 48 52 4 3 5 49 11 51 23 19 37 59 15 29 38 34 55 9 50 14 57 8 24 22 42 56 21 41 18 47 27
36 21 55 47 29 34 2 24 54 19 33 52 10 27 7 56 35 31 60 44 46 8 11 14 18 48 20 13 37 59 39 51 4 26 17 22 49 1 23 5 6 45 28 58 25 16 50 30 12 38 57 42 32 53 9 43 3 41 15 40
49 14 30 55 8 21 16 33 7 19 54 42 53 48 28 39 3 46 26 23 47 59 9 37 41 13 58 17 43 2 35 44 27 60 32 18 5 57 52 45 4 25 29 51 40 12 56 24 20 36 22 6 38 10 15 11 34 1 50 31
30 45 8 53 44 5 34 16 31 37 46 47 22 4 36 11 23 27 17 20 57 32 54 33 3 48 56 18 25 7 29 49 2 55 35 41 58 19 59 14 12 38 13 42 24 10 6 43 26 1 15 21 52 9 40 60 39 50 51 28