25

11 18 24 8 15 20 5 19 1 9 10 7 6 4 17 21 25 2 16 13 3 23 12 14 22
21 8 1 24 23 12 22 20 6 15 4 5 10 9 25 2 18 17 11 7 3 13 16 14 19
18 24 1 10 23 6 5 4 25 15 19 22 9 16 20 21 3 2 14 13 11 8 17 12 7
20 25 7 21 16 11 23 15 3 1 22 13 9 2 18 19 14 4 17 24 8 5 12 10 6
5 6 18 15 7 8 4 20 11 17 23 24 25 9 22 1 21 10 2 14 13 12 16 19 3
20 2 17 19 8 10 5 23 7 14 16 22 13 21 25 6 24 9 1 4 18 12 15 3 11
12 5 18 17 4 23 20 11 19 9 16 7 14 8 15 10 25 24 2 3 6 21 1 22 13
11 18 9 8 25 6 12 7 19 3 17 4 1 14 16 15 24 21 20 22 5 10 13 2 23
17 12 15 9 6 10 24 21 19 13 14 16 11 25 20 18 23 5 8 7 4 2 3 1 22
11 24 22 20 19 15 21 25 8 4 6 5 2 12 23 16 10 1 13 17 3 18 9 7 14
6 14 12 16 3 18 7 4 24 25 13 11 8 15 5 9 21 17 2 22 10 1 20 19 23
13 4 16 23 22 14 25 6 20 8 9 15 2 24 18 21 5 3 17 1 11 19 12 10 7
10 5 11 17 6 3 2 25 9 12 14 20 18 23 1 8 19 15 22 16 4 7 21 24 13
17 23 15 10 5 8 13 19 16 20 9 24 1 3 18 14 21 6 4 11 12 7 22 25 2
13 22 18 12 7 15 23 21 4 10 24 6 9 2 8 5 1 3 19 16 17 20 25 14 11
17 13 16 19 9 2 24 18 25 22 23 8 7 4 6 20 21 10 15 5 12 14 1 3 11
8 11 23 24 2 7 15 18 12 13 22 6 17 4 19 14 16 25 9 20 10 5 1 21 3
23 15 20 12 16 25 24 22 6 5 1 18 11 14 3 10 9 13 7 19 2 4 21 17 8
17 16 21 5 19 4 10 25 13 8 23 6 7 20 22 2 9 1 3 12 24 18 14 15 11
19 25 17 9 14 23 3 21 13 15 7 10 2 5 12 1 6 24 16 22 18 11 20 8 4
24 14 17 15 9 7 16 4 2 20 21 11 22 3 23 25 1 18 6 10 5 12 8 19 13
24 5 23 14 22 18 10 4 8 15 2 13 3 6 7 25 9 21 12 1 11 20 16 19 17
6 22 16 5 1 14 24 25 18 4 3 8 11 9 13 12 21 2 17 19 7 23 10 15 20
10 7 11 16 25 13 2 12 21 22 17 9 1 6 18 20 8 19 23 3 24 15 5 14 4
20 8 21 15 10 9 14 13 17 12 24 4 3 23 5 25 22 1 16 2 19 18 7 6 11

18 7 12 25 17 10 4 20 15 1 2 16 19 11 8 14 24 3 13 6 22 9 23 21 5
6 17 1 20 5 7 8 4 25 2 18 3 23 13 14 10 16 12 24 19 21 9 11 22 15
4 3 9 10 12 8 25 18 5 2 23 11 1 15 16 14 13 24 20 22 6 17 19 21 7
14 23 5 17 2 7 16 8 6 15 21 11 13 25 19 18 9 10 1 4 22 20 24 3 12
19 5 11 20 14 18 23 4 22 6 24 7 10 8 3 12 15 1 9 21 16 17 13 25 2
21 6 18 8 5 25 13 2 20 10 1 9 17 22 14 19 3 16 12 15 7 4 24 23 11
25 14 21 3 9 19 22 1 8 24 10 13 2 20 5 15 18 7 17 12 16 11 4 23 6
3 8 10 14 5 20 13 15 12 16 24 2 7 19 25 4 18 23 17 9 11 6 22 21 1
10 5 17 19 24 4 16 25 1 14 7 8 18 22 20 9 2 3 23 15 21 12 11 13 6
3 4 16 11 9 14 13 7 1 25 24 17 19 15 20 23 18 22 5 2 8 21 10 6 12
1 23 13 11 8 6 15 12 24 17 7 25 9 4 21 22 18 16 19 20 3 2 5 10 14
12 18 5 4 1 13 22 10 15 3 11 9 2 7 8 20 19 6 24 23 25 14 16 17 21
11 16 25 15 2 21 18 7 22 3 5 1 6 20 13 12 24 4 8 14 17 10 9 19 23
20 15 3 12 2 21 22 23 11 10 5 8 17 1 19 7 6 4 9 13 25 16 24 18 14
8 20 18 2 25 3 17 12 23 19 24 11 6 21 7 9 16 15 1 4 22 5 10 14 13
12 14 3 9 16 8 21 18 10 4 7 25 17 19 15 5 11 13 20 24 22 6 23 2 1
21 15 3 16 7 9 19 12 13 5 6 4 25 2 18 20 1 23 14 10 22 8 17 11 24
16 11 7 3 5 15 22 4 17 18 23 10 6 24 25 1 8 14 13 12 21 2 9 20 19
17 10 4 24 18 19 9 23 22 2 11 12 20 16 8 6 15 7 13 3 21 1 14 25 5
11 9 6 15 16 18 4 13 23 22 24 21 2 8 5 14 7 25 10 20 17 12 19 3 1
23 12 5 11 13 3 8 25 21 17 24 10 7 15 16 2 9 1 18 19 22 6 20 4 14
5 6 19 4 3 12 15 25 18 1 17 8 22 13 14 11 9 24 23 2 10 7 21 16 20
9 24 11 1 18 8 16 4 20 15 19 22 2 6 10 23 13 21 3 14 17 25 7 12 5
18 12 15 2 1 5 22 20 7 10 19 24 25 16 14 21 9 17 8 11 23 13 3 6 4
4 13 20 21 12 11 16 2 25 6 5 19 17 22 3 9 18 1 8 14 24 23 15 10 7