151
0 0 0 0 0 0 0 0 0 0 0 0 0 0 0 0 0 0 0 0 0 0 0 0 0 0 0 0 0 0 0 0 0 0 0 0 0 0 0 0 0 0 0 0 0 0 0 0 0 0 0 0 0 0 0 0 0 0 0 0 0 0 0 0 0 0 0 0 0 0 0 0 0 0 0 0 0 0 0 0 0 0 0 0 0 0 0 0 0 0 0 0 0 0 0 0 0 0 0 0 0 0 0 0 0 0 0 0 0 0 0 0 0 0 0 0 0 0 0 0 0 0 0 0 0 0 0 0 0 0 0 0 0 0 0 0 0 0 0 0 0 0 0 0 0 0 0 0 0 0 0
105 0 81 94 94 112 120 141 148 108 91 110 139 133 104 137 95 111 107 131 104 132 74 126 95 144 130 123 130 147 87 86 148 141 132 93 141 126 109 116 122 131 93 119 118 144 115 100 124 110 116 141 80 145 138 131 95 120 114 92 126 91 115 84 139 137 125 122 133 144 95 107 138 139 105 115 93 136 142 107 140 108 144 94 139 90 110 121 115 89 88 95 124 100 151 126 133 125 133 139 130 99 93 139 96 111 99 150 92 103 109 75 119 87 137 110 133 140 148 108 139 93 91 132 118 89 127 97 138 146 138 89 119 145 81 85 118 92 120 137 140 79 79 136 144 97 117 104 125 140 93
97 104 0 114 134 111 137 103 114 75 121 119 141 112 75 107 133 101 114 118 112 102 110 99 113 96 131 114 69 77 126 83 120 127 101 111 136 119 140 135 101 137 138 63 83 126 112 103 127 81 123 77 72 120 116 91 134 91 82 84 91 90 106 134 112 124 93 92 135 105 129 89 80 90 138 136 85 73 139 132 134 100 105 72 87 79 136 85 86 106 140 73 69 85 85 114 121 107 72 85 95 126 117 99 142 103 98 124 93 97 116 98 140 94 112 75 75 83 80 94 95 107 108 74 88 128 124 122 115 77 110 146 140 111 109 123 134 112 128 105 94 114 123 88 94 109 99 144 122 118 86
109 84 92 0 105 112 124 69 129 116 122 114 127 97 94 124 76 119 66 63 129 68 89 97 103 114 66 78 89 128 88 91 79 82 128 90 108 119 80 93 99 67 80 123 64 104 73 97 101 115 64 117 116 100 103 106 111 122 115 99 105 122 91 107 102 112 95 93 83 56 83 110 101 127 69 106 71 95 57 110 67 76 98 93 89 91 72 113 95 71 58 72 93 110 74 68 64 108 79 83 87 64 61 118 66 112 99 69 112 86 61 76 115 70 100 123 86 119 131 118 64 123 112 72 94 115 64 117 107 86 88 87 64 77 96 90 128 81 113 123 85 122 102 131 79 89 121 79 119 67 81
97 112 92 83 0 71 114 139 93 105 68 102 101 127 53 78 85 92 128 126 117 120 95 82 108 115 109 95 97 82 123 70 93 86 83 121 125 77 101 113 117 70 127 126 140 118 80 73 125 123 122 77 131 69 67 122 71 82 119 121 83 121 112 112 69 99 75 118 96 91 78 90 110 96 75 67 112 72 140 66 112 88 112 113 118 79 143 131 128 115 120 77 83 121 116 78 79 122 80 121 121 108 120 96 90 89 118 81 118 82 120 63 118 121 91 73 92 124 108 122 109 107 105 124 91 106 103 113 83 106 132 91 96 133 99 123 95 105 103 123 73 105 92 66 85 93 71 89 67 76 108
51 85 100 116 80 0 136 81 97 79 114 119 92 103 80 135 93 118 96 127 75 119 121 119 130 111 121 126 70 119 78 133 119 129 90 116 123 110 100 140 103 112 64 59 79 80 83 71 135 127 81 90 118 116 106 75 106 135 107 125 92 113 125 92 77 124 78 75 113 96 92 118 72 118 102 117 97 60 111 102 89 64 79 131 114 99 82 103 116 100 127 129 103 114 107 83 94 73 71 108 130 83 78 79 104 119 120 101 70 91 81 82 119 107 73 66 94 77 82 105 80 75 76 93 132 87 74 98 102 92 128 124 98 89 117 96 92 133 127 138 124 56 118 81 87 94 131 131 73 111 103
48 71 109 110 107 70 0 80 107 102 136 70 95 94 94 124 72 77 97 123 79 79 120 109 78 78 110 80 133 87 125 102 90 126 110 64 69 101 74 135 132 77 69 71 93 123 113 61 73 102 118 69 94 125 124 130 81 117 105 63 100 68 97 105 75 84 88 98 80 77 114 81 133 124 128 111 129 129 135 96 101 101 103 127 118 110 97 114 120 97 127 72 130 103 105 99 92 98 88 68 123 75 117 117 70 130 120 91 99 107 99 59 89 117 124 104 85 124 123 75 73 131 78 113 68 71 134 79 75 108 84 135 89 110 104 80 109 109 121 127 113 68 68 81 71 130 120 115 129 89 128
113 85 103 136 133 74 128 0 107 92 90 85 127 114 129 79 114 104 114 148 107 109 144 74 125 120 129 124 110 75 112 87 84 107 121 110 80 94 92 117 134 104 132 91 137 141 129 119 104 127 109 137 144 75 140 96 142 78 108 97 100 89 79 106 134 122 127 102 83 137 90 110 102 129 141 84 131 93 138 138 73 127 82 126 145 90 112 132 134 132 85 110 127 132 131 106 125 137 136 111 86 91 141 98 125 149 121 119 80 84 155 110 83 88 108 102 78 115 79 124 137 93 102 130 98 116 119 113 149 87 125 128 123 130 138 140 114 96 137 79 75 98 151 118 95 130 101 82 110 144 97
97 135 79 129 143 92 101 136 0 88 143 112 127 91 128 101 103 137 99 127 140 120 74 137 84 142 80 105 110 135 127 88 116 143 108 95 117 119 83 103 107 94 64 129 151 108 82 94 94 90 106 133 121 127 110 132 89 144 79 110 100 131 96 139 148 135 87 140 105 86 134 80 118 90 101 129 138 82 140 84 147 124 147 90 109 142 129 150 91 132 122 84 112 119 93 138 74 86 145 94 135 109 91 122 113 98 143 110 80 111 133 78 141 125 144 109 90 143 89 118 96 131 94 128 112 93 107 94 88 140 107 106 117 148 130 127 88 108 75 126 89 69 112 95 83 112 89 132 99 142 90
104 122 75 77 76 89 124 93 128 0 79 122 71 118 85 116 128 73 69 103 117 101 97 73 115 103 66 106 84 79 87 107 103 103 110 70 108 124 118 106 117 102 71 61 123 91 126 129 120 104 113 121 69 77 114 113 89 132 113 71 111 123 86 77 120 120 123 88 78 78 88 106 122 119 95 97 113 67 109 81 94 124 87 125 113 137 76 128 121 103 90 90 83 86 107 135 104 95 132 126 104 98 73 113 97 102 109 89 76 62 123 108 131 80 92 81 104 77 86 120 68 90 133 130 112 93 104 96 122 76 121 121 125 103 114 119 114 116 88 125 73 53 72 79 89 122 99 97 124 102 90
108 124 129 95 90 112 85 84 98 79 0 69 137 91 106 82 115 75 66 112 79 75 91 96 99 80 81 77 120 121 140 78 131 88 103 117 129 82 95 79 110 93 122 84 90 123 69 120 78 124 119 119 66 87 138 133 131 85 77 100 120 95 108 114 131 95 81 117 83 94 71 108 136 76 89 130 68 72 119 70 86 116 106 109 131 124 96 102 125 130 108 92 132 113 115 80 85 131 119 141 125 82 56 87 124 113 98 127 105 96 108 89 106 132 61 111 111 135 96 131 86 94 89 131 117 101 98 124 89 136 104 91 116 125 124 105 91 101 97 115 80 111 109 83 89 101 132 87 115 118 64
55 119 82 133 73 69 86 101 121 82 112 0 113 115 119 106 73 126 104 111 80 110 134 69 95 124 93 70 135 97 107 129 85 79 69 143 114 87 124 79 143 107 112 82 116 102 79 115 124 113 121 84 91 120 98 104 64 117 94 129 121 105 118 114 87 77 64 100 106 77 95 89 125 77 94 97 76 129 93 95 87 128 125 82 88 74 103 81 123 110 102 93 99 104 66 122 130 124 65 79 82 105 125 125 119 80 73 87 98 105 138 78 110 106 140 127 89 128 113 75 140 71 130 133 99 120 121 113 125 108 118 88 76 100 92 111 91 84 130 85 96 121 116 96 75 84 98 75 99 129 118
47 73 109 103 92 61 57 114 95 81 115 69 0 78 69 54 65 78 73 79 103 76 79 57 91 70 121 101 83 56 89 114 46 48 108 83 70 127 118 49 113 84 115 116 123 114 103 66 55 55 53 50 79 89 121 133 81 63 91 120 114 85 88 94 58 114 92 73 114 93 107 74 51 54 114 93 97 104 86 100 95 71 103 84 95 115 116 115 101 104 94 118 113 85 64 95 107 87 109 90 50 94 83 55 95 86 97 48 119 112 78 89 96 73 116 88 46 71 62 108 93 111 95 113 108 92 85 112 85 50 105 109 91 125 112 121 110 75 64 102 83 76 83 77 102 56 122 89 53 102 74
53 111 116 53 89 113 124 115 118 96 82 109 120 0 87 109 77 64 69 104 129 62 60 110 124 112 104 65 107 109 82 117 125 123 108 117 84 79 65 61 81 80 123 55 60 67 89 111 98 67 113 101 67 95 106 73 106 94 65 117 114 120 79 116 119 73 91 93 104 109 67 71 95 108 85 87 84 82 110 117 120 79 97 110 49 126 120 101 95 105 103 77 55 115 123 99 76 118 92 115 116 114 89 84 96 103 73 106 89 113 110 116 103 123 122 88 91 94 107 122 96 79 123 77 97 91 115 120 78 70 56 71 66 68 87 64 82 104 80 121 67 57 114 76 99 87 80 128 103 62 102
104 95 116 125 116 105 73 121 110 52 66 116 79 132 0 78 69 89 89 114 64 91 122 65 55 111 118 119 79 65 85 64 90 104 101 122 115 72 97 60 114 103 116 113 143 109 116 86 108 78 107 72 93 92 100 134 127 62 103 97 117 138 124 94 118 112 83 99 73 128 73 122 57 121 83 101 101 117 119 129 123 121 60 107 123 101 128 117 114 117 106 86 90 107 94 71 128 115 90 69 109 109 122 122 84 127 66 108 124 114 132 101 93 107 97 122 120 123 113 114 120 126 62 125 95 53 93 65 78 82 85 115 134 121 89 112 95 74 125 92 115 105 120 118 91 80 81 84 60 101 130
82 81 123 105 114 105 121 106 108 99 81 95 135 97 130 0 79 101 80 131 111 98 137 126 76 115 82 125 84 128 115 104 144 98 80 131 134 138 112 102 98 97 88 72 95 92 119 103 95 125 78 76 125 87 132 110 103 115 76 143 87 88 81 112 80 131 87 136 131 84 123 97 91 134 78 75 117 130 122 146 117 76 147 122 129 131 137 131 94 85 83 112 77 111 125 120 83 105 109 126 134 80 127 81 116 123 134 80 94 137 89 108 117 107 90 106 87 75 94 81 79 84 77 136 119 122 84 120 138 117 124 76 114 119 112 131 116 83 113 92 97 95 76 75 113 109 92 111 131 134 111
60 89 74 78 83 134 115 104 135 129 94 126 105 82 113 129 0 87 88 107 84 93 118 125 114 87 94 125 80 96 109 103 99 123 114 129 101 102 83 128 74 103 123 90 140 111 68 138 122 109 125 133 67 120 120 129 132 96 109 123 116 104 110 104 76 108 125 93 142 82 86 110 130 89 136 115 127 78 87 97 77 124 81 116 131 110 125 117 71 101 129 133 87 98 96 127 67 85 137 99 76 112 110 141 99 122 106 96 105 88 83 84 141 130 78 84 81 101 91 108 75 81 79 101 76 87 137 80 128 112 83 129 116 76 73 121 101 104 130 129 96 99 123 96 98 138 108 135 129 99 75
104 122 137 109 131 128 80 109 131 119 84 112 84 84 109 90 91 0 74 63 95 138 110 96 89 135 109 111 85 131 85 127 130 132 99 108 79 124 107 133 135 89 132 69 130 135 62 120 136 109 124 130 118 103 97 120 126 118 110 115 103 75 95 103 92 144 120 93 138 116 73 124 80 86 103 93 107 96 77 85 133 67 108 81 102 91 140 111 125 125 81 107 96 70 110 86 126 72 85 134 94 71 98 78 81 105 124 130 125 106 96 83 133 96 73 81 130 87 87 137 94 115 109 106 103 133 112 127 68 131 90 93 83 93 127 102 119 103 132 141 134 78 86 111 138 104 77 93 116 125 113
60 105 134 103 97 96 121 81 107 122 107 68 139 85 121 124 141 96 0 115 82 129 77 93 102 140 111 85 68 142 87 117 102 110 120 76 103 134 131 138 101 82 104 124 113 126 134 122 105 138 75 101 89 82 119 80 129 138 94 78 122 118 93 95 132 130 114 135 138 119 104 86 83 123 100 131 117 71 81 81 93 88 136 119 90 96 136 135 133 92 115 115 76 96 134 74 123 113 111 131 76 70 98 103 122 89 101 128 106 135 144 69 108 75 91 83 107 119 77 135 70 110 128 123 91 143 126 119 77 116 102 139 123 138 85 143 107 87 130 133 94 116 129 84 95 123 68 133 85 102 104
437 462 442 450 462 452 475 445 498 480 458 496 447 426 450 461 488 490 461 0 492 441 465 458 491 501 490 454 441 498 470 477 493 495 499 488 451 494 449 442 458 449 481 433 486 493 456 477 486 451 477 439 434 497 488 491 495 484 435 448 490 487 494 439 466 449 491 484 476 460 493 437 482 482 452 500 462 470 471 448 488 449 464 490 456 495 437 462 461 491 442 469 466 493 489 502 444 436 492 492 479 482 483 441 502 496 462 477 450 504 456 436 465 489 437 467 458 501 458 450 443 443 502 476 453 455 500 449 451 473 435 496 476 494 468 448 496 507 482 490 476 480 487 449 449 502 497 460 496 460 460
66 129 118 117 124 136 123 84 106 93 86 114 75 83 115 129 79 136 108 115 0 81 75 101 97 130 84 81 89 126 93 94 87 100 81 124 100 124 136 100 101 108 111 77 143 107 101 86 90 130 93 116 78 125 79 102 118 98 102 118 81 106 131 89 90 140 89 93 100 114 112 85 88 86 146 76 125 131 119 136 83 106 95 82 82 105 121 106 73 140 127 73 106 113 94 94 125 95 77 86 109 123 114 130 137 113 105 82 120 88 128 80 136 119 86 103 108 88 97 129 105 131 143 111 124 102 77 115 60 76 57 123 132 110 100 98 103 90 123 104 77 93 85 93 135 95 104 103 128 82 103
83 134 99 126 132 112 125 124 104 140 143 145 91 135 101 101 115 133 136 103 106 0 133 99 133 97 120 110 110 147 111 149 137 133 108 139 114 112 87 115 77 115 115 85 122 155 101 82 101 98 117 139 73 83 146 122 124 139 101 70 93 77 131 75 92 84 135 131 94 93 138 84 142 96 88 128 126 107 120 137 88 77 141 98 120 95 122 98 77 103 81 89 71 98 132 138 130 133 92 140 105 104 115 146 146 118 132 112 102 82 153 81 148 87 131 77 100 113 149 137 96 100 115 135 110 109 150 131 128 132 133 148 83 136 91 101 103 132 110 116 142 106 72 149 105 140 125 115 85 98 122
78 72 96 63 84 73 111 132 113 109 132 70 75 106 101 120 125 116 123 84 100 95 0 74 103 127 70 99 125 89 108 134 121 94 97 115 72 74 83 93 127 80 97 74 127 93 108 80 83 91 127 123 98 108 103 110 121 70 80 72 100 107 74 123 133 105 126 122 69 70 97 92 121 126 82 132 107 95 86 98 101 122 73 102 88 138 78 109 110 108 105 104 127 124 119 125 103 82 98 111 78 127 113 80 119 66 75 90 85 128 78 97 109 130 107 71 73 110 130 83 65 85 127 85 134 82 109 129 76 72 80 80 89 90 64 125 126 75 99 118 95 97 77 83 70 71 107 132 112 110 105
129 143 100 121 101 139 145 128 115 134 138 111 97 107 145 100 127 150 155 115 114 152 154 0 155 149 146 144 147 153 122 152 143 139 98 114 136 150 143 146 117 99 92 142 125 159 111 137 99 152 134 124 103 152 146 81 92 110 92 107 130 117 150 150 95 109 104 120 138 120 120 144 95 127 118 105 132 101 127 113 136 86 135 109 86 102 90 132 147 107 131 145 146 146 151 154 147 115 129 124 120 102 86 152 146 149 144 104 142 119 145 105 146 145 117 123 105 111 108 152 128 105 126 127 132 160 81 100 107 144 113 98 146 79 128 152 105 138 97 103 96 104 123 147 131 147 102 117 150 152 143
85 106 119 119 118 100 82 74 128 126 101 135 146 106 128 125 93 135 81 88 111 91 134 121 0 127 114 108 110 106 111 99 99 82 119 71 126 91 143 136 105 102 126 125 99 139 82 133 120 126 91 92 123 119 142 143 101 125 111 72 128 86 106 94 121 132 98 121 112 130 124 89 140 103 117 133 110 131 99 95 80 96 145 122 105 112 99 124 111 119 107 93 65 82 139 99 121 132 110 88 148 111 69 87 147 136 114 127 105 80 138 77 146 89 139 119 115 140 143 132 100 135 101 106 136 129 111 78 96 113 120 81 79 95 98 134 114 134 125 134 101 130 122 120 141 88 105 93 80 134 81
107 90 86 100 69 91 134 96 101 98 115 90 87 78 92 134 126 123 81 85 109 95 105 124 103 0 122 102 70 126 91 118 119 119 134 113 104 122 136 123 71 127 76 92 86 130 109 126 115 137 101 117 81 127 101 115 110 77 79 115 64 71 89 113 111 131 74 115 107 105 106 98 106 90 119 118 56 92 125 135 83 63 86 62 119 119 99 92 69 83 94 63 87 121 104 111 113 80 75 76 117 97 76 76 75 122 78 116 120 125 118 79 99 109 129 109 105 83 81 104 123 88 122 86 94 121 112 136 90 131 102 137 82 84 127 78 108 120 136 80 113 120 89 96 132 81 112 89 83 91 116
115 112 108 135 102 121 84 115 85 136 87 137 80 141 112 83 137 81 127 96 116 126 143 101 126 137 0 134 115 77 70 78 126 72 109 135 120 78 100 97 145 84 132 97 116 79 143 102 130 135 90 107 148 88 98 132 112 75 127 147 123 109 134 134 132 91 130 92 92 133 134 136 96 78 132 86 94 117 145 90 93 144 117 119 138 138 104 88 99 122 127 106 124 136 126 137 100 138 76 86 113 137 87 113 90 134 103 122 131 128 144 129 123 92 114 112 126 130 122 119 136 97 128 114 124 129 93 79 96 94 129 119 113 113 133 102 143 103 93 92 136 81 86 118 111 74 106 108 101 129 123
72 122 127 126 92 137 112 112 76 76 104 121 76 94 134 122 117 110 118 107 93 93 120 128 120 99 68 0 111 122 95 113 105 103 94 113 82 79 85 125 130 104 103 103 114 112 92 97 127 131 84 99 64 106 122 96 115 130 95 99 128 108 100 125 123 124 79 132 96 121 138 107 113 130 83 76 116 65 92 105 84 126 77 73 78 116 113 128 101 105 101 110 121 81 93 134 107 94 88 82 96 109 78 131 140 120 132 124 124 123 74 105 99 87 79 57 80 96 106 125 80 74 92 90 135 133 124 129 101 100 64 116 108 88 128 115 74 91 78 91 128 118 71 104 104 99 97 84 122 93 105
78 116 88 113 80 90 101 120 89 110 95 128 101 117 125 84 141 93 96 118 107 80 103 97 107 142 130 128 0 94 109 101 94 129 127 109 91 105 138 122 73 88 106 138 71 103 121 75 112 139 109 109 65 132 102 83 95 113 126 66 126 109 136 85 140 117 127 77 115 75 111 131 140 79 124 120 118 118 118 98 130 76 131 130 74 96 84 126 103 92 116 77 125 122 118 102 84 121 79 136 121 130 101 131 129 106 132 106 92 102 105 119 103 123 75 70 121 109 140 78 77 122 132 79 103 136 131 92 71 119 90 146 96 135 109 88 135 122 100 123 111 128 86 125 91 113 76 98 139 119 55
114 126 106 93 88 70 81 136 77 107 81 94 119 83 60 86 123 133 66 126 85 95 123 93 91 78 92 74 100 0 109 104 85 119 109 127 71 131 104 88 112 133 87 65 101 102 131 76 69 113 81 129 136 83 82 80 92 94 135 92 134 102 93 111 71 86 86 70 72 102 98 99 94 82 125 83 134 121 123 122 117 125 86 125 106 120 98 120 89 132 74 99 98 123 94 122 113 123 107 129 71 103 76 128 121 100 122 119 81 64 98 122 80 102 136 113 115 103 64 97 120 84 84 128 126 84 124 77 138 71 83 78 129 99 87 127 85 80 62 109 89 122 132 85 105 94 72 102 70 129 109
115 114 101 131 103 130 146 123 85 120 129 94 139 79 124 147 94 131 72 128 104 117 139 143 130 136 124 116 135 102 0 104 103 89 148 85 124 98 91 140 99 105 121 120 139 95 118 77 87 108 141 91 105 102 127 102 107 114 79 95 107 104 89 109 85 100 86 106 112 93 86 104 130 118 97 120 131 102 98 90 89 103 129 96 128 113 128 147 137 85 128 132 122 125 131 139 109 74 98 136 133 122 100 88 140 108 118 89 104 102 138 85 138 139 145 104 135 92 92 137 103 100 122 81 148 137 101 138 129 94 119 112 108 85 97 103 128 103 136 138 108 117 142 114 126 113 96 84 99 105 124
130 128 156 111 120 124 113 77 151 151 139 105 152 97 128 104 95 161 149 117 119 100 102 90 159 134 83 89 135 117 132 0 143 114 108 102 113 94 105 128 112 94 114 134 97 117 110 130 154 124 96 99 102 111 104 101 133 115 112 106 151 112 115 80 123 117 147 139 101 131 140 116 102 94 146 158 84 126 110 116 120 89 142 100 135 147 150 101 106 125 126 114 115 112 141 108 91 116 118 129 110 111 124 101 102 137 89 147 128 107 143 117 98 155 112 146 102 119 143 107 106 135 159 123 123 103 85 144 106 151 100 123 150 125 135 106 121 118 156 156 144 144 80 142 139 124 142 159 117 147 103
69 115 128 90 114 89 113 76 100 121 147 86 132 138 117 113 137 112 90 102 134 128 73 93 114 126 104 119 93 136 85 130 0 95 130 89 131 120 119 120 87 94 87 107 111 106 108 72 137 94 109 128 91 123 90 89 92 92 110 120 76 112 136 94 132 142 112 135 111 116 131 124 92 75 134 118 100 100 109 87 85 89 133 88 125 130 137 114 91 103 129 72 67 86 127 108 61 116 73 107 98 116 112 134 83 107 142 134 97 94 87 74 135 132 114 116 75 135 137 99 109 135 81 125 138 100 86 138 125 111 59 113 137 142 116 93 117 129 133 110 79 109 100 75 108 112 107 125 130 120 107
99 121 80 87 125 113 122 115 94 88 95 111 135 88 94 97 81 124 119 77 93 96 92 133 83 106 76 83 111 134 118 99 98 0 102 124 88 105 104 87 115 133 116 72 75 100 98 128 74 134 130 129 112 127 90 96 84 135 78 127 66 109 75 129 94 111 105 85 87 118 85 69 106 115 135 75 72 97 98 96 120 102 81 65 88 72 143 107 94 99 123 87 74 127 93 133 140 89 109 92 131 119 103 80 120 109 112 98 113 118 79 119 87 123 123 99 136 113 83 86 77 74 72 84 104 91 127 126 76 125 78 134 91 105 86 73 114 119 76 74 75 66 93 124 103 86 81 80 129 64 86
67 113 116 112 111 134 124 110 115 90 130 99 80 115 126 118 71 76 78 95 82 67 123 121 129 66 83 89 127 84 92 90 84 83 0 96 98 80 70 117 74 82 74 68 139 108 100 112 125 91 117 122 81 113 90 96 84 87 112 137 109 135 122 82 111 106 92 125 80 103 70 93 89 79 92 66 81 76 130 88 109 126 79 119 77 71 142 82 78 102 85 129 124 94 67 123 80 95 61 89 101 130 121 81 79 81 111 84 79 65 98 66 76 124 124 109 116 120 109 109 112 80 78 89 136 96 82 73 118 84 100 115 114 136 62 110 83 109 65 84 89 86 109 82 107 69 82 74 81 101 87
122 110 92 136 85 104 89 147 88 71 77 122 139 139 130 66 88 108 131 105 80 79 141 61 75 64 132 128 112 121 100 118 93 115 99 0 65 115 100 116 135 88 114 132 107 78 95 117 108 103 110 110 100 110 105 138 90 97 135 108 96 116 126 91 120 98 83 82 106 144 92 119 120 60 96 121 115 97 143 116 129 109 131 108 142 134 147 82 86 97 121 123 89 138 72 99 100 102 86 60 130 122 132 130 97 139 104 62 106 118 126 127 95 111 126 99 128 123 120 101 113 110 84 96 86 128 122 69 131 74 96 89 114 121 143 123 129 84 82 63 88 104 140 86 101 78 125 83 103 133 134
93 81 114 126 90 125 124 102 114 83 95 119 131 91 98 127 100 125 74 132 102 86 134 93 105 124 105 99 109 71 116 76 79 135 76 111 0 92 81 67 131 70 140 75 117 134 132 103 104 126 92 84 114 106 94 91 75 132 70 75 131 90 95 95 136 65 115 67 77 100 95 91 132 125 98 115 138 77 99 126 102 79 108 78 116 118 83 87 88 124 108 111 128 107 122 89 118 131 90 111 77 105 135 106 112 135 131 135 101 118 144 108 133 93 112 98 132 81 131 132 119 121 98 92 68 70 145 128 137 133 122 99 99 107 123 78 127 78 88 86 76 131 109 104 101 106 130 108 100 97 144
90 92 78 137 118 60 112 119 90 116 99 124 81 103 128 77 59 102 84 129 93 71 89 72 99 59 117 70 129 88 112 113 104 52 78 118 52 0 79 117 113 65 95 119 117 100 97 108 124 106 83 81 103 123 98 120 87 69 110 115 84 95 87 117 87 83 122 86 116 132 124 82 54 106 79 127 115 113 136 111 73 103 105 117 99 102 98 123 99 101 86 102 106 101 110 87 123 121 112 108 85 120 135 111 69 142 69 121 119 111 116 123 86 72 133 114 93 83 90 112 106 65 123 79 71 93 134 98 84 97 88 103 104 124 125 122 107 93 105 93 114 116 135 99 90 57 123 82 119 100 110
109 112 108 111 72 128 121 100 85 131 140 126 137 63 79 90 138 121 116 114 99 92 118 105 124 128 88 98 68 100 81 127 136 82 128 69 100 98 0 81 112 118 129 118 97 115 132 123 100 125 125 87 104 97 100 102 124 77 120 93 88 84 106 68 141 84 121 86 113 97 72 91 112 129 89 136 101 114 78 73 95 118 136 120 112 92 99 90 94 94 87 68 94 77 127 126 107 118 138 122 117 126 77 101 127 106 128 129 110 94 142 78 132 133 79 104 81 109 117 112 62 84 124 83 104 123 121 126 97 98 119 131 77 77 105 127 88 126 112 115 107 107 119 80 88 95 98 136 108 125 120
56 72 91 113 92 86 108 143 111 112 99 94 115 111 108 100 77 74 112 80 113 128 124 131 121 86 101 100 117 87 128 80 92 116 92 110 105 117 127 0 93 101 132 124 107 73 100 81 92 126 128 76 130 136 135 103 123 97 116 139 110 115 107 140 119 89 128 102 132 109 112 139 120 94 68 126 98 83 136 69 129 74 102 79 94 73 134 130 89 94 70 111 144 116 87 101 87 117 72 95 85 108 89 97 95 104 75 89 104 111 134 114 121 98 128 121 131 108 96 134 144 128 109 115 138 127 85 77 139 139 124 73 121 102 63 105 72 85 74 119 115 94 138 90 127 108 103 105 130 90 107
95 97 115 85 136 99 142 90 128 82 134 110 131 110 134 130 139 103 128 97 134 133 79 80 101 96 73 127 77 143 143 93 84 92 141 116 113 111 134 136 0 142 72 107 101 128 105 96 91 122 117 87 83 116 116 97 129 142 74 100 118 93 144 96 102 94 144 99 137 125 127 113 93 126 103 104 74 76 120 74 130 76 105 75 103 95 147 115 118 112 110 74 76 87 84 84 77 105 108 99 106 119 88 118 113 123 97 95 138 117 102 90 131 119 115 70 93 147 145 138 88 101 126 86 120 92 135 101 123 84 84 107 143 105 82 81 110 81 144 131 139 107 114 106 98 120 141 130 102 118 132
50 81 132 91 83 98 113 113 94 104 123 134 117 100 84 111 106 103 77 89 89 127 139 98 103 81 137 71 104 88 70 109 105 98 88 129 88 113 122 125 126 0 71 110 137 108 116 66 92 104 87 76 86 66 75 140 81 100 111 123 119 87 120 96 90 96 105 131 97 87 72 133 73 75 134 106 75 133 106 98 65 127 123 128 130 72 87 117 107 94 86 104 118 134 98 103 75 99 110 123 100 128 120 103 79 77 110 81 132 128 135 101 106 101 85 128 104 63 87 130 120 104 73 103 99 81 102 118 124 87 135 134 114 142 112 112 87 119 87 78 91 90 134 89 88 123 131 97 66 131 95
73 102 117 86 119 133 137 137 135 86 97 90 111 85 101 104 126 84 140 91 123 127 140 138 73 101 123 78 137 114 109 84 67 90 113 141 104 134 126 88 117 89 0 88 122 95 93 92 126 125 75 69 123 117 87 145 123 129 104 139 131 94 113 135 84 91 111 121 72 128 118 121 76 74 130 99 83 132 143 130 104 135 118 82 134 95 119 124 120 115 97 118 122 126 104 121 107 82 110 120 77 116 126 122 116 142 80 78 75 75 92 74 119 78 95 118 73 128 94 118 108 67 81 85 135 93 146 81 102 76 126 114 89 144 90 131 104 93 72 97 81 127 115 131 122 97 121 120 89 111 91
71 103 117 90 92 100 96 141 99 131 107 110 112 130 89 78 117 122 108 142 132 94 134 81 92 99 115 73 122 76 99 87 90 70 117 137 74 126 88 136 130 74 138 0 105 94 112 94 141 97 132 94 98 116 111 101 90 99 108 136 136 128 134 113 71 127 87 104 81 131 139 139 128 96 127 121 131 135 147 91 105 136 113 103 105 122 100 79 121 79 138 100 108 116 115 105 120 125 123 78 72 133 119 111 93 96 118 120 115 78 147 121 115 72 103 115 112 102 104 119 90 77 140 132 73 121 118 132 144 127 91 107 96 140 116 123 80 103 95 79 117 129 140 91 79 108 115 115 103 134 102
106 148 122 94 100 87 91 133 113 111 97 105 112 96 81 83 117 133 83 104 111 131 88 123 125 101 110 97 79 103 125 82 128 133 76 130 134 84 135 121 128 94 104 121 0 103 85 125 138 96 130 95 116 82 108 101 111 121 125 70 132 76 111 117 98 84 142 96 135 110 131 119 135 146 126 86 90 84 104 75 138 129 133 93 113 128 100 114 94 123 97 118 108 125 89 104 108 81 74 118 86 70 96 101 109 74 101 114 144 127 58 99 100 138 129 80 100 106 138 136 69 139 114 117 80 101 97 92 128 94 97 120 117 78 78 121 98 98 81 121 133 84 126 127 148 138 92 143 139 106 117
70 113 89 121 95 78 81 109 93 93 129 98 134 81 125 129 133 95 82 127 130 76 123 120 62 108 136 104 85 76 70 128 106 112 97 133 113 127 74 95 124 113 101 127 124 0 103 113 93 115 87 118 119 123 89 124 125 87 99 110 76 122 90 115 69 96 122 116 132 123 81 98 103 103 61 98 72 73 79 76 67 78 86 128 130 128 95 91 97 127 125 114 107 81 130 65 132 108 87 89 61 101 131 106 109 119 73 82 114 80 133 66 80 89 130 125 116 78 91 128 75 92 132 104 72 113 80 90 83 73 134 133 83 92 99 107 129 105 101 84 117 103 104 85 94 74 66 129 88 90 135
42 129 79 74 80 66 129 69 103 88 106 105 123 78 123 77 73 117 59 118 90 106 104 99 82 97 101 128 90 77 115 110 125 119 70 101 85 74 90 95 84 119 112 116 130 123 0 125 125 93 100 105 116 126 128 74 64 122 73 62 119 72 94 78 88 121 65 76 116 61 76 66 122 116 120 107 65 109 126 123 131 109 102 124 114 111 91 74 101 120 95 101 115 95 113 123 75 101 98 83 128 72 64 115 87 59 108 102 68 113 76 122 111 73 108 68 73 100 92 82 87 83 111 64 84 116 79 67 114 112 83 89 122 93 65 101 89 114 120 79 124 95 89 126 79 116 86 80 129 64 81
96 121 146 126 98 128 120 141 125 104 164 141 110 126 109 97 138 122 111 134 151 158 138 141 145 144 141 154 102 150 104 153 155 116 111 134 148 148 146 109 146 106 136 148 71 120 104 0 161 164 151 105 133 126 124 141 136 112 141 139 94 93 124 155 167 152 120 135 129 133 92 106 141 151 150 103 154 153 78 140 133 144 161 121 101 125 75 99 128 157 156 152 120 90 109 146 103 110 101 151 145 141 118 123 111 106 116 149 105 106 98 152 152 158 111 97 156 133 130 148 140 158 154 98 113 105 84 111 122 153 136 118 161 111 96 125 131 127 100 152 101 117 136 157 123 105 131 156 128 126 125
104 81 121 80 100 122 122 89 103 124 134 138 123 71 72 77 112 128 102 57 80 89 78 126 89 130 95 129 129 122 85 135 90 129 116 86 104 111 128 106 134 127 120 126 124 97 74 83 0 133 104 112 79 86 107 127 120 106 114 91 73 108 103 83 135 101 78 76 124 68 88 71 81 136 87 125 80 81 118 96 99 56 119 105 120 135 111 115 114 134 79 71 111 74 126 110 120 74 133 125 110 60 70 121 83 124 138 106 84 100 141 117 94 102 132 62 130 127 136 94 62 128 96 115 84 99 135 82 118 95 78 77 91 77 112 89 142 77 112 96 116 72 76 97 122 135 106 84 132 80 128
67 96 74 65 97 58 127 82 74 68 128 72 70 66 118 105 58 125 64 65 110 74 110 65 100 110 115 112 80 90 102 71 61 118 119 98 79 74 118 80 77 69 60 64 69 123 72 73 63 0 101 87 120 67 81 97 70 89 109 119 91 105 84 59 111 70 93 88 77 103 70 98 79 105 117 104 82 104 105 75 117 82 90 70 83 107 123 113 85 61 116 117 95 73 105 94 65 65 91 67 74 88 79 73 125 83 105 91 69 120 118 115 99 79 109 120 92 78 76 69 74 85 84 122 96 98 87 119 107 69 84 71 113 70 105 105 85 98 82 57 75 86 95 66 71 66 105 89 97 68 122
125 136 153 104 122 106 151 103 139 99 123 151 145 115 125 137 96 120 124 106 138 155 129 99 145 148 109 151 156 142 104 139 97 143 138 119 114 92 98 154 89 150 125 104 86 140 120 151 112 101 0 146 102 148 94 112 129 137 107 133 116 114 151 103 116 135 150 100 154 146 144 134 136 127 110 139 153 96 70 107 124 85 101 82 109 104 126 104 140 151 129 81 152 85 107 134 118 142 123 142 150 115 96 103 136 102 157 147 114 135 79 91 145 124 124 93 117 153 96 108 102 153 123 102 145 129 116 156 100 150 88 141 93 78 109 93 118 143 151 147 150 102 129 143 96 140 146 110 114 141 77
65 140 75 83 117 96 117 69 87 86 127 125 99 100 106 128 109 143 71 99 134 88 72 75 130 128 113 123 74 74 100 83 78 84 131 74 103 83 107 102 99 141 74 127 136 95 61 109 131 87 120 0 54 99 137 85 75 130 130 85 106 95 126 90 140 88 111 132 86 84 106 82 135 79 117 125 62 111 76 91 137 73 80 120 118 118 124 77 51 117 97 90 93 125 127 136 111 76 96 133 90 113 69 131 100 120 135 93 120 78 85 122 74 134 66 62 93 117 138 131 90 141 119 74 127 89 125 99 76 75 117 85 93 108 126 109 139 79 98 80 102 95 128 133 97 130 76 89 123 118 89
94 86 104 118 113 136 111 81 115 82 102 114 111 122 74 114 81 93 86 113 84 94 97 90 101 114 89 91 96 102 134 83 83 113 122 128 77 95 122 105 137 123 136 119 117 116 99 127 97 94 118 85 0 102 108 140 105 114 88 88 107 85 72 128 119 91 62 94 129 105 129 74 123 133 69 132 92 102 106 93 101 117 99 99 84 124 135 119 81 108 132 131 73 132 120 91 103 89 86 120 80 131 113 131 131 106 116 97 95 93 111 126 90 133 71 95 96 69 124 77 130 120 84 75 121 118 104 87 93 78 116 87 92 143 120 138 120 121 95 119 69 95 138 133 67 126 66 102 98 123 97
77 83 87 75 91 114 84 100 122 82 126 84 79 70 105 77 132 82 122 80 120 127 113 101 78 103 130 135 80 101 95 133 112 87 106 67 121 78 126 103 84 119 90 83 114 118 98 82 124 111 101 97 131 0 133 81 84 132 83 104 86 135 133 71 137 137 107 141 119 115 95 116 111 122 105 145 64 86 91 98 129 81 95 89 96 122 102 132 61 77 129 89 122 117 106 77 81 91 135 119 107 102 113 134 135 87 123 116 103 95 126 73 114 122 116 125 96 78 109 89 81 104 141 55 134 93 114 86 87 84 102 138 114 105 94 122 119 109 130 128 93 124 92 99 114 105 107 98 83 72 113
79 120 111 125 92 125 96 78 146 147 121 102 118 78 128 135 100 142 89 87 150 129 120 102 143 106 91 103 120 146 148 93 97 147 111 109 148 157 142 139 79 139 93 101 88 91 98 87 99 120 144 115 131 127 0 120 93 107 97 102 143 140 145 86 119 108 128 140 119 114 88 91 156 97 96 158 137 94 90 152 151 131 102 136 102 157 87 129 111 132 151 82 110 91 115 122 137 110 130 92 133 121 123 115 138 113 108 129 150 126 86 147 145 145 148 112 127 103 156 93 78 98 138 91 145 133 98 142 84 94 134 105 94 133 157 142 143 134 147 98 114 109 127 96 121 153 138 132 137 107 102
108 90 143 113 126 96 89 112 133 110 146 86 145 121 134 89 128 110 148 89 131 129 122 124 111 121 141 98 118 105 152 131 140 105 144 118 109 129 137 150 99 114 91 140 111 121 89 129 124 136 132 120 142 133 89 0 141 135 106 114 135 133 148 127 128 130 119 92 107 121 148 107 141 133 143 123 109 95 93 87 139 111 123 100 84 138 100 108 120 122 84 115 103 83 135 102 111 148 107 112 111 88 105 119 112 144 157 100 146 82 81 122 90 141 90 125 151 151 150 111 99 97 145 100 101 114 81 144 101 116 96 145 101 137 141 120 92 148 90 111 99 139 145 111 158 158 104 100 127 84 129
72 126 154 153 140 116 149 106 107 143 135 121 168 134 137 163 148 112 131 92 150 122 130 147 105 118 115 131 159 161 134 153 129 127 166 97 152 122 156 134 132 121 144 160 136 99 143 125 156 144 114 156 115 127 124 91 0 108 123 103 156 94 122 157 121 163 102 153 121 136 103 133 141 155 160 143 107 105 97 99 150 129 170 129 150 134 103 119 153 132 134 142 114 127 129 118 90 161 131 148 143 159 123 143 135 102 145 110 135 109 147 111 105 136 111 109 158 119 151 147 96 129 124 138 165 104 140 157 126 164 154 157 122 137 154 135 161 113 99 112 115 127 131 145 165 170 118 98 126 160 145
106 81 63 79 113 87 109 79 78 127 132 122 78 126 91 119 105 72 128 126 79 88 122 96 84 75 140 75 100 94 116 108 115 126 125 101 82 79 126 67 131 128 105 68 135 81 85 112 89 107 98 128 101 97 100 93 73 0 112 123 97 130 124 124 112 100 129 114 103 72 72 123 122 104 69 87 131 116 130 99 86 131 99 90 123 83 87 74 74 93 125 97 132 94 70 88 124 97 61 99 77 127 101 104 134 128 124 126 69 64 101 93 71 92 128 132 115 104 99 82 74 114 79 80 80 89 122 77 89 117 126 71 103 117 112 116 133 123 70 128 132 71 122 91 69 90 85 72 114 112 142
85 113 115 109 79 71 127 110 90 71 132 80 127 78 93 97 83 90 81 118 72 115 70 101 107 84 79 100 62 114 92 66 117 103 125 118 123 71 95 104 75 116 71 88 131 109 80 125 115 93 93 102 70 121 96 68 76 122 0 90 73 70 75 74 76 121 93 110 97 88 60 79 73 98 118 67 81 85 105 73 126 90 129 63 77 124 80 128 126 67 131 111 58 60 101 81 75 122 126 105 66 92 111 84 102 69 73 98 115 114 107 71 87 78 93 58 81 79 119 93 123 115 97 73 111 80 82 103 115 118 70 110 89 99 81 106 86 102 113 68 118 74 108 92 106 80 71 135 122 63 87
76 105 88 97 131 118 117 136 77 70 73 106 141 92 105 92 94 63 90 124 123 98 100 66 122 104 136 104 112 99 116 94 99 63 77 131 130 124 99 115 126 66 125 98 101 87 125 103 131 130 80 69 92 76 92 109 104 110 117 0 102 135 70 84 127 60 72 115 101 111 136 132 89 87 65 89 131 137 140 131 111 125 94 124 93 82 112 97 96 122 135 142 123 131 100 74 87 128 89 124 82 134 129 118 104 141 124 115 128 91 126 91 124 112 119 112 118 113 113 105 112 81 103 103 87 70 147 69 131 103 96 83 107 140 126 114 120 62 128 96 116 123 120 95 89 114 96 124 108 127 128
109 94 102 80 127 122 107 83 113 83 86 112 86 135 99 70 95 74 107 80 90 82 90 67 116 101 71 129 83 92 114 77 128 70 95 93 127 88 72 85 95 96 81 116 119 132 114 113 97 96 117 99 136 116 134 119 104 92 82 71 0 72 93 100 87 93 91 66 92 107 55 65 92 130 126 131 82 76 117 122 131 136 136 107 127 72 145 124 112 88 76 89 77 75 94 109 120 80 118 82 72 76 124 131 72 115 111 81 85 125 113 112 115 135 90 121 70 94 117 128 79 116 120 91 103 111 103 105 109 72 93 73 83 108 106 107 99 96 95 110 117 108 134 92 112 132 121 76 80 130 133
115 96 161 146 161 98 123 97 119 108 107 130 151 124 125 114 112 147 155 134 121 131 96 101 152 130 152 117 155 154 146 147 123 153 113 156 114 147 152 119 129 106 105 96 102 125 131 134 157 128 134 144 131 97 110 140 95 124 129 133 143 0 112 139 133 117 100 111 133 103 161 123 96 125 98 92 141 147 111 156 115 120 150 134 125 134 96 97 136 145 101 153 139 91 127 151 119 141 142 114 114 109 126 146 143 106 122 158 99 118 80 106 109 106 102 154 107 121 135 100 99 97 156 150 151 102 100 103 113 155 143 149 129 76 93 148 131 162 144 110 112 132 121 95 128 121 105 158 141 113 109
97 140 99 121 151 149 101 75 115 100 158 149 104 120 144 120 113 114 142 78 146 131 98 111 124 131 131 115 141 148 99 98 116 91 134 108 142 139 135 125 140 91 93 131 101 148 89 123 147 98 127 142 109 142 101 118 111 138 96 97 118 127 0 121 145 143 154 129 121 140 146 87 147 128 108 112 139 144 92 133 96 102 155 88 89 101 86 112 147 135 120 87 97 115 137 99 108 95 151 135 132 109 128 110 109 118 110 149 130 88 126 116 117 101 131 120 127 146 93 146 84 111 118 93 155 99 117 144 97 124 95 101 112 93 90 104 154 139 124 102 98 111 154 114 108 154 141 114 148 130 120
109 70 105 88 118 102 104 143 75 77 97 137 136 138 107 106 131 119 111 92 124 101 96 137 131 110 103 110 146 75 95 119 117 125 60 128 71 130 83 115 121 123 134 110 93 81 131 93 100 132 98 112 133 121 123 100 100 86 89 143 80 118 79 0 74 136 68 85 78 113 129 140 124 76 123 110 103 106 99 116 117 120 137 104 137 119 90 117 131 109 88 113 140 122 126 76 95 138 116 126 132 84 145 115 108 122 102 124 68 125 85 79 125 128 112 93 100 121 81 103 114 86 117 123 91 118 128 108 100 128 134 108 100 91 109 112 88 131 121 87 100 73 126 108 141 120 74 128 75 113 105
98 96 75 115 81 122 116 70 138 77 89 63 96 67 116 84 78 131 120 77 71 94 122 120 127 119 127 107 120 74 119 104 73 131 86 95 121 94 112 125 62 81 97 120 107 100 91 87 102 119 110 133 84 107 86 77 95 114 97 99 77 76 109 115 0 83 94 100 120 124 101 99 130 124 83 130 134 94 110 124 123 65 137 89 95 135 93 104 77 72 92 92 93 119 102 68 84 105 115 78 88 89 71 105 109 133 120 98 117 77 134 86 87 124 83 69 123 79 138 133 97 127 127 74 102 131 81 82 73 123 69 124 77 108 118 79 81 131 99 122 126 66 130 66 125 138 70 100 133 69 76
81 132 102 115 104 77 97 103 80 123 128 81 133 62 114 120 77 103 124 76 83 110 69 138 130 131 118 89 68 116 138 89 78 103 122 102 110 141 110 85 66 133 82 117 89 118 67 87 127 129 109 134 96 116 100 84 117 99 117 125 98 106 139 62 109 0 130 121 97 87 126 81 79 86 83 98 89 95 137 130 131 79 133 66 88 122 125 94 111 95 75 82 79 108 99 132 107 89 111 123 122 126 89 115 90 112 78 78 126 117 129 75 108 111 113 77 115 140 76 111 130 141 95 106 82 81 121 97 74 132 100 88 101 109 87 114 134 98 131 124 78 112 78 138 105 99 97 109 137 85 123
44 89 120 88 68 84 78 123 124 61 119 110 85 109 97 103 64 98 101 117 114 61 70 117 98 60 95 91 128 97 103 102 80 116 81 127 69 112 89 99 124 61 74 119 87 77 80 101 60 67 103 104 72 74 110 118 114 57 106 119 93 125 64 118 102 108 0 53 103 87 92 115 84 110 85 109 96 98 98 93 122 91 106 121 76 62 73 90 79 59 73 123 96 97 58 58 83 93 87 114 87 117 103 97 118 121 70 120 56 72 130 116 99 107 81 111 56 80 65 80 93 58 117 104 67 56 131 89 66 71 66 89 86 108 64 83 97 91 116 86 82 114 123 81 104 108 58 63 102 68 73
79 80 112 131 103 121 105 130 88 100 111 85 121 81 48 114 92 91 66 85 112 122 74 113 95 108 77 85 120 74 83 91 130 73 91 114 111 61 81 108 133 122 82 92 137 81 126 121 64 76 85 120 104 125 110 84 87 100 72 75 64 109 125 102 117 127 61 0 82 121 56 77 65 77 117 93 74 65 118 102 69 85 108 122 126 105 110 101 133 120 118 123 110 112 73 104 97 103 97 75 94 96 100 86 65 128 110 78 97 75 125 78 99 75 119 78 111 75 72 102 80 112 102 84 128 101 137 110 108 119 127 80 89 77 125 113 94 122 70 89 91 116 84 103 83 116 65 63 73 127 90
108 127 59 76 110 111 110 97 113 99 95 114 115 106 107 110 84 102 111 77 98 108 117 113 113 110 78 62 123 124 83 101 55 73 86 76 65 108 117 85 95 113 94 122 104 75 111 68 96 76 74 94 101 72 75 80 129 71 98 83 127 115 99 94 115 101 117 75 0 118 92 115 86 57 113 82 83 85 78 98 100 84 59 74 75 77 95 111 118 91 67 127 112 98 82 73 116 115 111 84 106 109 87 102 55 84 82 96 107 122 101 128 91 111 129 119 91 104 119 86 140 116 104 118 108 123 92 79 93 103 93 68 123 84 106 80 61 107 59 111 77 90 73 63 77 73 117 101 122 69 123
71 97 129 91 135 78 86 107 111 94 66 104 71 126 78 116 103 98 132 124 88 124 93 116 77 71 83 74 131 72 70 94 106 106 114 125 108 80 63 75 129 129 111 88 109 128 119 114 113 106 71 61 115 65 108 122 117 66 87 128 111 93 111 93 94 118 93 80 85 0 78 83 122 73 81 120 85 135 91 121 100 97 67 98 99 133 153 72 112 79 120 131 113 98 131 116 142 127 125 129 69 132 87 62 113 140 94 101 73 86 119 97 59 92 107 114 66 125 77 92 112 124 74 116 64 110 148 84 134 95 126 115 134 140 126 79 89 84 130 102 113 98 96 102 89 121 126 136 95 103 101
102 53 76 117 72 78 107 132 58 83 95 127 72 85 91 82 123 67 131 96 95 92 80 99 73 97 124 74 96 84 69 74 118 104 88 114 72 89 54 118 118 96 76 122 90 93 87 117 105 72 62 101 116 110 105 100 115 87 100 82 118 97 124 79 109 107 95 67 114 114 0 112 122 113 100 137 113 87 130 127 95 89 120 95 124 122 104 91 119 102 99 116 127 124 56 54 124 130 79 77 86 118 131 100 87 126 56 57 109 88 101 109 60 108 114 128 98 66 124 79 116 122 108 95 73 60 137 54 92 112 98 72 129 85 106 100 125 112 85 77 71 117 119 78 72 90 91 102 62 101 92
80 83 95 122 100 76 117 90 117 80 131 137 89 94 82 80 107 61 91 118 60 69 128 69 76 64 100 86 118 70 127 126 127 110 136 129 84 123 65 96 124 89 91 85 106 76 96 91 86 92 129 62 116 62 129 143 90 115 128 112 128 130 68 125 83 63 85 99 124 100 134 0 80 65 115 100 120 95 92 129 112 127 84 126 115 70 112 94 108 92 101 113 126 113 78 121 137 102 96 64 62 122 103 66 70 106 69 62 98 126 93 135 126 116 105 124 127 101 74 125 126 119 88 90 100 102 102 120 93 118 109 96 127 117 87 119 106 106 113 80 92 132 109 87 92 70 91 124 69 91 88
89 94 100 90 98 140 115 112 80 87 100 130 149 89 133 148 109 100 86 99 89 127 129 99 121 138 82 133 125 131 105 100 102 135 134 134 137 128 135 132 82 80 98 107 123 108 108 96 135 142 104 124 89 136 80 82 133 129 135 133 83 107 93 74 94 111 142 98 140 129 116 117 0 140 142 137 88 117 90 85 92 126 138 96 94 79 123 145 80 99 90 92 67 100 139 142 136 96 84 136 139 72 116 118 106 130 138 96 81 76 88 129 110 92 112 140 130 142 94 111 133 123 138 91 101 131 104 125 130 144 141 111 85 119 130 82 105 146 127 102 92 74 133 127 92 108 90 85 132 123 127
103 138 110 108 88 146 125 106 111 104 129 135 106 126 102 98 151 143 137 83 142 96 136 91 98 115 140 114 107 92 121 142 115 144 124 99 141 92 117 123 96 115 95 124 92 124 137 128 131 111 108 144 98 100 134 118 133 111 142 130 127 121 117 87 90 124 88 123 118 84 105 82 144 0 108 131 110 127 133 113 112 127 144 108 121 123 113 155 99 110 82 105 64 104 122 146 139 139 112 122 141 79 72 146 132 91 86 87 137 80 139 126 108 135 90 79 143 102 123 131 123 146 158 75 135 120 115 120 103 111 90 87 103 128 128 101 119 150 99 148 94 116 132 136 147 97 146 132 142 105 126
65 152 95 148 128 108 122 75 137 145 101 147 139 109 95 138 89 136 147 100 120 146 97 100 108 112 133 148 128 101 105 119 107 94 111 84 90 91 89 151 143 128 104 96 73 115 88 90 100 143 95 127 96 140 110 118 146 136 140 97 84 82 148 85 133 91 142 112 131 135 139 140 102 105 0 92 84 130 102 87 110 81 115 85 109 121 81 106 113 149 116 96 95 83 119 145 108 141 108 88 123 86 131 120 139 131 160 128 97 141 88 83 121 140 137 90 113 91 135 125 104 137 140 84 97 147 105 96 99 156 108 145 124 94 143 148 89 146 149 106 89 128 101 106 109 130 144 147 102 119 81
60 112 114 93 110 75 65 124 97 91 67 63 60 71 113 114 85 60 68 102 105 104 98 67 63 78 70 94 116 116 87 71 74 103 107 116 70 106 60 109 76 90 113 79 130 60 119 90 66 72 55 104 123 59 101 106 83 89 104 91 121 93 114 73 118 105 74 69 90 124 112 125 96 104 71 0 90 111 107 95 71 119 91 65 106 116 120 100 95 103 127 127 65 63 92 121 123 102 59 79 59 72 119 74 94 73 114 108 100 89 86 94 105 75 96 128 84 59 122 94 78 55 81 114 101 109 107 73 126 95 65 107 84 87 114 56 94 94 80 72 100 114 93 71 106 100 94 79 58 83 91
63 108 105 67 80 87 78 56 127 67 111 121 94 81 108 97 125 113 65 73 106 63 109 115 75 66 66 102 93 70 84 76 63 63 96 102 72 118 90 67 95 86 56 94 83 98 94 111 89 97 96 66 82 103 101 84 69 68 68 99 77 113 70 78 125 117 115 82 86 51 84 59 114 88 63 99 0 71 112 89 123 104 102 98 63 124 116 123 114 100 104 85 80 122 78 124 102 87 71 110 106 111 118 80 71 104 111 110 64 101 62 78 110 124 110 113 117 111 95 117 81 86 77 102 111 114 63 105 49 75 98 84 75 82 71 128 109 114 80 127 73 64 117 129 77 73 116 113 93 99 117
64 80 63 79 71 81 122 124 111 107 112 92 121 74 114 118 122 85 109 117 80 111 101 101 133 110 63 71 128 77 118 101 104 123 93 80 75 81 119 102 109 88 109 75 81 79 128 112 93 132 103 80 117 112 133 115 115 93 103 115 80 72 120 104 88 119 113 85 100 56 103 90 82 74 65 113 100 0 99 124 89 66 72 98 103 74 71 128 68 74 74 109 66 111 73 69 99 81 109 121 125 100 77 118 75 73 99 87 105 113 124 105 93 92 130 118 63 128 109 114 89 125 81 97 114 133 112 64 73 127 107 77 112 80 63 85 99 125 99 119 64 93 58 80 75 107 73 71 109 116 104
76 105 83 149 139 105 81 149 131 78 115 110 120 133 111 67 78 135 105 128 127 126 141 68 135 96 91 130 92 72 87 119 82 77 88 127 135 106 70 120 138 120 145 137 145 122 122 88 136 122 128 110 102 126 89 106 106 114 123 101 138 92 86 134 112 134 84 110 124 123 87 107 99 73 100 89 95 103 0 118 120 141 96 123 103 95 123 113 139 92 102 115 107 104 94 128 122 126 113 129 135 133 120 132 66 102 88 109 137 106 101 110 106 102 140 134 81 100 115 70 108 84 76 106 96 113 125 93 92 80 130 124 99 122 84 119 129 125 130 85 88 131 132 105 118 110 123 90 106 98 134
106 118 122 115 121 55 98 136 54 58 95 129 124 123 113 118 65 81 121 91 110 59 128 101 65 76 124 90 93 80 70 83 99 67 101 128 59 89 110 78 103 70 117 114 122 114 119 126 79 57 98 123 119 108 127 119 76 107 77 92 125 103 89 116 118 67 70 75 63 93 127 114 91 84 98 91 106 88 124 0 81 85 99 103 116 108 112 112 81 112 74 117 109 130 54 74 99 96 123 106 55 118 125 69 54 93 123 105 86 120 130 108 122 102 88 100 105 89 71 82 77 64 100 122 104 124 127 80 105 109 113 58 131 127 109 75 69 113 118 57 65 101 100 123 84 94 105 95 74 98 122
47 46 76 119 91 112 57 119 77 108 112 111 120 85 106 93 68 94 118 111 110 62 120 108 52 47 76 51 117 65 62 73 111 111 86 113 46 123 63 60 118 57 96 74 100 71 112 118 116 54 81 91 85 88 71 137 79 62 109 102 104 118 78 113 112 62 97 86 65 85 69 70 78 68 75 77 76 82 75 78 0 88 65 82 123 117 124 70 73 60 122 110 117 99 96 50 90 79 91 105 99 92 118 104 88 82 96 57 92 66 95 108 106 66 93 108 83 99 69 107 92 56 114 83 59 81 135 53 95 81 94 107 119 124 106 115 103 104 87 56 54 116 96 64 125 113 78 122 52 78 120
59 135 82 88 64 131 93 130 106 97 82 115 99 113 104 84 129 100 76 83 110 120 95 130 73 90 96 108 122 132 82 79 131 87 88 74 88 117 132 119 92 110 65 92 106 89 101 77 131 95 130 90 113 90 116 110 100 131 60 119 118 88 99 129 79 122 74 121 132 125 105 124 133 134 128 127 96 127 62 90 105 0 79 71 69 79 115 124 61 78 65 104 91 118 132 125 82 121 77 122 126 79 123 86 98 68 95 116 122 114 113 114 98 110 76 118 103 85 107 72 110 72 95 84 70 130 116 101 101 141 97 120 79 115 125 126 101 111 88 126 117 109 77 130 131 123 131 135 87 116 72
83 134 127 95 93 97 87 81 104 101 97 119 93 116 126 131 91 114 125 68 129 76 62 87 124 103 120 124 64 101 89 128 139 115 134 107 109 119 124 82 64 88 106 98 135 80 94 95 78 122 89 126 62 129 100 116 94 120 130 101 77 124 112 115 111 115 124 112 112 80 127 102 79 130 97 101 88 85 92 100 109 105 0 129 63 146 119 112 128 141 122 124 102 118 100 134 75 107 100 129 76 113 114 136 128 73 95 106 89 78 94 83 80 119 112 130 135 131 120 133 81 97 96 100 123 78 82 116 108 134 114 140 98 137 114 136 82 106 121 133 88 118 133 120 89 133 128 141 80 118 81
55 73 122 123 78 89 102 89 129 113 87 73 71 126 109 85 103 127 121 127 92 73 82 127 96 114 129 130 125 111 112 94 74 98 107 66 119 100 120 120 90 68 101 94 135 110 129 114 77 89 106 68 91 95 125 133 115 133 120 77 74 127 138 112 113 93 131 115 72 99 129 131 111 125 126 75 74 114 88 117 79 80 109 0 101 113 149 120 91 114 111 100 126 116 135 82 125 123 81 115 118 83 112 112 96 107 81 83 65 63 77 68 123 125 127 117 117 96 84 128 101 77 70 121 89 115 93 83 121 121 75 110 126 85 117 86 104 85 125 111 74 63 80 112 106 111 73 132 124 126 94
99 115 139 130 130 97 117 139 69 101 81 124 87 118 83 86 128 131 134 118 88 121 137 74 75 123 117 76 139 96 89 101 117 77 131 114 125 144 93 118 107 113 101 86 135 98 119 138 125 70 101 104 97 73 106 96 80 108 90 111 118 100 64 129 93 114 110 95 119 94 128 96 94 95 124 136 109 103 109 131 90 135 110 109 0 114 98 119 126 119 114 134 95 128 99 105 91 95 113 66 103 143 137 85 94 109 129 102 94 91 114 121 105 88 101 114 102 115 66 78 137 79 109 128 66 93 126 103 103 123 120 103 131 140 136 112 126 96 109 74 103 131 141 93 138 83 94 136 77 131 120
113 112 121 132 116 111 122 119 84 101 99 115 102 123 108 103 86 95 128 95 109 117 132 110 104 113 108 117 96 126 124 125 115 75 135 140 97 76 121 77 137 86 90 131 132 134 128 126 81 67 69 117 97 133 98 144 78 76 89 125 75 137 132 113 136 82 74 109 81 103 82 96 126 84 65 92 121 82 139 121 66 78 97 127 87 0 107 66 82 99 89 81 138 110 132 116 85 132 122 77 125 77 109 89 77 83 103 101 110 114 122 96 105 98 143 125 104 121 135 108 115 79 94 140 98 106 144 102 76 78 107 91 115 137 95 95 98 112 86 75 120 115 140 122 72 133 97 111 66 118 116
77 136 109 89 123 148 117 113 149 134 112 90 133 83 85 89 89 130 106 92 107 104 139 105 140 132 79 141 99 110 149 93 89 144 101 68 101 108 128 109 106 147 143 92 106 130 92 144 147 110 140 148 94 148 145 132 150 86 92 140 92 127 84 80 129 117 144 83 146 123 137 86 94 128 112 113 100 137 84 118 90 144 133 108 93 129 0 102 86 111 101 141 132 111 117 98 127 131 111 97 135 142 123 107 97 137 111 130 144 102 125 147 156 93 122 82 112 107 135 106 90 129 147 105 101 113 144 137 128 125 105 142 128 130 97 87 138 102 85 131 103 102 140 118 84 119 127 146 86 129 135
182 223 161 165 181 181 177 176 169 215 185 215 168 225 174 205 189 219 199 217 229 197 212 208 201 238 190 196 212 170 177 181 211 216 184 228 174 215 201 205 226 188 196 217 229 214 167 222 169 171 197 218 178 226 230 198 193 180 157 209 178 162 192 208 184 211 192 200 192 179 172 196 192 185 219 214 184 217 197 230 209 170 231 204 234 171 237 0 187 173 161 162 204 217 191 221 208 165 196 185 218 206 224 199 170 201 180 216 197 207 197 191 174 231 160 194 205 222 212 226 191 207 182 205 186 211 208 208 181 210 182 217 201 173 179 236 191 198 189 218 174 224 223 184 221 170 223 176 210 212 168
120 91 95 112 124 131 117 113 118 78 76 74 111 129 95 129 135 115 137 119 84 76 126 108 131 83 85 98 74 114 116 76 114 77 134 114 123 85 83 124 136 90 76 118 143 114 107 118 115 125 79 87 113 125 124 145 119 127 86 112 123 74 125 84 104 77 99 127 85 113 61 131 112 101 132 109 118 85 124 77 119 96 124 82 85 79 148 135 0 105 86 76 110 93 106 85 121 121 111 102 77 127 76 116 108 81 84 108 69 104 139 82 71 91 120 88 95 88 129 133 91 138 104 87 107 112 111 84 142 118 106 85 136 136 116 77 88 83 82 119 106 119 101 95 112 121 114 74 123 91 80
70 117 115 121 103 116 159 120 106 148 158 126 125 117 135 133 136 100 153 140 117 134 107 97 107 136 109 105 144 97 101 119 127 144 119 97 151 141 116 165 125 108 150 149 112 108 158 126 157 150 103 148 127 157 107 110 156 147 136 103 110 157 160 103 156 130 145 162 159 111 147 95 101 138 142 141 129 155 144 135 105 119 139 144 128 160 118 114 132 0 150 144 154 91 150 109 110 104 149 107 109 91 120 134 159 147 147 157 102 98 109 153 139 138 110 109 109 143 132 150 127 140 107 140 159 152 140 157 132 157 120 112 146 103 150 125 123 136 113 149 134 103 94 123 116 114 103 161 125 124 90
74 116 140 132 101 135 118 83 92 126 89 78 113 86 133 121 136 115 72 69 122 123 106 129 128 131 103 126 97 84 109 124 79 96 127 68 108 79 129 109 72 109 139 112 133 87 76 141 83 96 116 138 76 140 126 92 98 111 113 85 88 75 144 115 84 134 110 125 139 114 75 134 87 94 104 132 93 77 134 133 84 134 139 123 127 139 96 96 107 102 0 136 98 79 129 129 110 84 115 128 138 133 103 118 81 116 131 101 132 140 98 77 129 103 130 121 132 141 115 132 130 109 137 85 109 79 101 104 69 89 121 139 90 135 78 143 134 119 94 123 89 122 76 105 97 132 81 107 102 90 91
44 70 74 97 114 101 84 88 85 69 106 108 87 112 123 112 95 81 75 112 96 94 99 93 71 107 103 96 91 91 91 123 68 115 109 66 90 117 120 125 64 104 88 81 134 67 112 94 115 109 117 69 81 67 101 104 118 90 57 52 112 61 70 123 89 112 124 126 93 119 104 102 129 115 103 91 104 116 72 106 116 59 126 55 97 86 125 107 104 107 76 0 115 86 99 126 92 86 85 96 69 77 111 96 99 59 115 66 120 111 116 72 93 88 133 114 116 134 90 102 63 104 98 100 102 86 73 85 112 102 69 117 122 101 97 130 103 94 77 125 81 117 67 91 101 79 67 114 132 60 118
63 92 75 112 77 131 89 86 132 134 93 96 83 101 119 120 117 121 82 77 97 91 101 116 103 71 97 107 107 89 85 78 93 113 128 100 120 80 94 79 104 125 122 60 136 95 88 82 134 100 87 124 104 78 127 126 120 68 90 66 63 71 110 123 115 113 135 129 129 112 114 103 112 117 75 129 104 69 73 112 87 125 138 57 106 71 118 96 124 122 86 97 0 66 111 118 93 106 78 69 87 121 60 103 119 73 117 67 73 114 106 62 133 71 114 107 96 75 78 67 66 105 124 72 71 67 121 127 103 119 121 102 84 97 64 82 94 128 97 99 78 67 127 127 95 125 83 126 102 120 62
68 112 108 128 100 70 131 138 87 100 135 90 106 130 107 115 117 110 90 130 87 112 122 70 131 117 133 120 93 76 75 139 120 80 86 92 74 75 112 124 85 80 109 88 125 69 144 125 83 131 100 87 107 72 83 101 82 131 130 114 119 79 125 126 108 129 81 85 78 90 95 66 107 79 89 96 92 91 148 91 123 112 79 133 128 136 125 90 125 80 99 85 81 0 111 71 127 81 93 130 71 117 81 92 128 104 105 124 113 66 91 62 74 76 88 80 119 68 125 108 118 99 93 96 80 75 141 91 85 116 143 119 86 132 127 74 132 131 66 86 89 93 136 107 109 115 81 126 132 76 136
121 134 117 127 91 136 123 122 143 143 132 98 117 86 108 149 150 103 118 89 133 142 80 125 101 105 91 91 100 146 97 97 94 144 116 106 87 131 135 118 116 115 95 93 85 148 79 105 114 151 115 105 105 147 87 122 133 129 112 119 119 110 117 87 156 115 86 112 123 136 135 129 132 98 106 88 138 132 99 146 98 80 122 121 125 135 129 128 136 127 140 125 129 143 0 144 103 124 104 131 146 75 100 88 89 138 119 149 125 83 94 91 86 103 79 97 134 101 106 135 132 91 146 84 95 142 81 91 91 114 88 123 121 128 143 136 121 135 98 124 88 118 128 123 97 86 130 100 98 129 96
83 78 123 78 64 116 123 113 93 130 76 90 118 114 93 93 135 71 124 124 108 76 86 75 88 123 117 75 70 76 119 85 75 76 95 108 113 77 70 86 112 104 89 69 125 136 96 128 110 92 88 88 80 93 123 94 120 118 59 104 107 78 124 127 86 84 99 132 130 60 115 69 81 120 94 110 76 91 119 108 96 121 74 63 73 89 127 126 80 84 129 69 75 93 68 0 128 79 123 71 89 90 112 78 78 123 127 113 113 97 72 58 68 79 135 111 115 112 112 96 128 92 96 104 92 125 116 123 125 103 114 116 87 91 60 76 77 81 71 89 85 111 65 72 106 120 94 72 112 119 122
93 96 139 98 85 91 112 86 125 92 122 124 100 90 135 127 83 110 128 80 88 75 73 93 86 87 110 133 100 75 123 113 118 124 93 73 94 99 112 95 102 123 79 116 116 94 128 135 115 125 128 117 121 121 124 137 117 90 86 113 87 76 117 112 103 107 101 142 129 102 81 112 127 83 123 74 90 87 84 129 112 107 128 81 64 74 123 80 115 78 102 107 81 88 107 84 0 104 120 128 133 99 93 74 77 76 120 131 125 91 134 80 134 99 135 125 137 127 116 118 130 74 98 90 130 110 124 128 68 129 72 142 89 128 137 85 78 93 90 135 107 83 112 95 105 135 75 121 130 119 102
102 111 120 74 89 73 100 80 122 101 122 93 111 60 70 119 65 109 86 54 96 75 71 113 125 85 105 89 108 120 96 67 82 122 89 110 117 70 63 91 111 106 96 72 106 125 76 64 90 59 67 84 58 74 115 74 73 99 92 109 101 119 100 118 109 88 97 64 70 103 88 101 74 81 103 75 80 70 119 76 121 92 94 113 77 77 134 122 112 76 79 58 102 96 95 66 63 0 108 62 59 103 124 60 66 100 85 83 67 120 77 50 117 74 113 55 129 94 105 91 117 71 81 72 131 117 86 64 106 77 66 85 105 102 92 124 70 86 62 84 74 85 70 58 115 119 108 73 62 98 130
53 85 55 90 121 73 65 76 56 83 87 61 99 82 65 76 103 93 116 74 122 57 120 62 69 106 80 64 112 92 90 116 54 99 114 104 77 47 68 98 111 112 114 79 122 83 114 51 64 68 56 106 77 87 80 80 63 116 51 118 83 108 63 81 72 69 116 102 78 97 67 90 61 75 103 71 81 89 69 84 89 120 60 64 62 100 108 70 84 114 73 68 109 60 70 120 84 99 0 89 97 82 60 84 116 117 116 79 111 53 105 63 114 100 75 109 109 106 64 62 112 66 92 122 82 67 70 100 90 102 103 75 109 76 67 111 106 62 85 67 73 86 111 116 99 98 62 98 68 114 99
101 105 80 76 80 118 123 100 122 112 75 73 86 85 110 125 117 104 105 103 91 128 94 120 107 110 104 113 118 84 110 74 127 79 72 68 115 123 129 99 89 115 83 104 92 104 134 72 115 75 117 84 86 129 124 79 127 131 106 82 93 124 114 101 119 107 119 72 132 97 79 90 85 78 131 70 126 82 110 69 69 127 77 71 134 109 140 114 108 110 119 123 128 115 116 86 119 66 98 0 111 84 100 111 73 109 87 95 115 75 123 114 76 127 66 97 73 129 111 87 123 80 99 104 79 111 125 80 71 136 90 127 121 81 123 109 76 72 65 109 80 116 105 87 130 76 115 124 92 73 107
62 104 81 60 73 110 136 89 92 104 141 116 122 73 97 92 108 109 102 111 114 119 120 103 137 98 96 118 117 114 110 133 85 104 140 107 121 105 104 104 100 127 80 66 109 133 81 112 118 114 124 93 133 142 113 131 88 100 67 104 82 87 140 115 130 81 124 123 82 109 114 81 124 128 79 105 111 67 117 86 106 91 113 71 115 123 119 80 113 107 71 84 72 81 90 128 101 114 110 80 0 111 121 89 91 95 84 111 116 110 121 101 86 80 72 125 130 89 130 114 94 103 141 84 136 139 97 131 79 115 86 115 124 118 78 134 118 121 105 102 96 129 70 139 95 88 93 134 131 127 112
94 79 98 75 77 83 88 124 78 68 84 90 110 75 83 81 88 83 118 58 76 67 57 84 104 131 106 110 104 72 132 80 82 69 133 99 124 111 93 93 90 79 77 67 78 92 116 98 95 96 101 81 82 96 134 67 114 93 113 95 122 106 120 99 90 124 113 76 68 119 101 81 100 123 104 65 114 88 113 88 85 60 94 111 75 113 69 130 65 103 101 56 120 73 79 112 67 60 89 89 99 0 103 120 71 115 126 79 86 101 135 99 125 129 75 114 130 80 121 105 117 80 99 118 68 120 121 89 58 113 111 131 86 104 68 120 105 107 67 75 81 106 113 98 79 82 123 105 122 54 72
55 99 84 76 83 124 98 129 97 111 92 115 114 86 59 109 91 128 87 84 102 100 98 80 114 111 113 103 73 104 91 78 131 116 114 61 116 64 101 119 96 129 66 77 135 134 97 64 109 96 96 122 62 87 95 120 114 96 119 97 121 102 86 84 112 117 78 92 76 61 94 116 116 101 131 74 73 110 97 106 116 86 100 87 96 76 72 124 81 119 105 86 108 100 125 130 110 75 78 121 80 110 0 123 78 109 125 123 127 61 114 125 101 98 133 63 127 117 100 113 84 108 107 78 120 112 95 75 106 125 123 117 111 77 118 110 122 124 105 103 131 80 124 83 93 121 78 90 80 82 128
53 121 75 119 121 94 92 96 115 92 87 109 130 108 123 82 129 109 82 71 95 110 62 124 114 80 119 118 88 140 113 110 86 120 135 63 79 128 95 86 117 132 94 113 90 102 109 78 95 138 145 112 105 87 125 132 90 94 73 90 118 120 85 93 83 131 139 139 92 103 107 111 108 76 78 126 91 129 125 124 128 66 106 86 102 86 128 115 115 135 102 92 60 114 87 89 84 114 120 83 95 74 64 0 128 85 121 90 133 72 108 122 104 107 124 74 129 96 87 127 89 125 125 72 102 127 122 108 81 134 64 142 137 115 94 86 78 111 113 98 86 105 128 96 108 133 116 80 119 128 77
92 117 104 126 80 70 109 97 65 81 79 125 75 89 59 109 104 73 118 81 90 60 98 120 73 89 130 123 120 124 63 107 65 105 94 83 69 53 64 105 125 118 122 117 84 60 65 73 122 101 122 124 79 60 124 126 93 86 58 122 85 60 65 68 85 72 62 84 76 63 87 99 84 98 58 71 112 83 70 76 125 76 64 84 91 122 126 66 91 70 94 102 112 104 104 98 91 109 69 116 69 67 71 81 0 78 100 61 79 78 76 98 108 63 74 105 93 89 65 56 126 61 88 115 100 95 73 94 117 125 118 110 112 124 80 102 72 59 96 60 116 66 66 69 79 110 100 67 117 72 68
71 126 78 130 102 81 109 133 127 119 89 88 141 86 115 118 99 124 129 88 100 80 112 101 113 88 98 121 102 94 72 90 128 76 93 128 93 83 88 133 86 135 107 135 97 94 121 107 134 84 99 90 98 110 86 139 116 88 108 148 102 84 80 143 97 135 106 129 136 84 98 92 79 130 128 105 141 136 105 73 85 128 107 94 99 129 123 137 141 90 146 142 141 112 80 117 118 88 140 118 128 129 113 113 102 0 133 77 73 107 125 110 135 86 99 143 74 141 100 76 97 96 78 130 132 114 129 85 134 128 133 119 123 130 134 146 82 82 123 89 88 135 111 82 83 107 114 124 130 82 138
73 102 134 98 91 119 115 120 77 94 114 113 77 118 136 95 124 127 79 107 76 129 119 98 115 100 83 90 120 133 108 132 113 125 104 122 117 76 126 102 113 83 70 66 139 127 100 129 102 119 130 109 100 120 135 124 112 109 66 111 68 106 130 136 123 82 107 94 127 125 109 133 89 91 125 91 113 116 108 77 122 84 143 115 95 135 76 133 79 133 115 60 117 68 131 118 71 75 105 97 81 62 93 132 79 119 0 103 142 121 74 122 111 138 125 124 123 104 104 112 69 116 93 99 106 110 91 78 106 127 103 89 110 145 117 130 122 88 129 134 89 124 127 112 141 121 127 138 125 80 113
60 122 141 105 90 123 118 129 119 126 92 135 109 119 135 140 138 135 74 71 89 131 136 113 101 125 98 141 113 103 108 122 141 142 95 91 132 98 126 123 145 147 128 131 104 107 115 83 114 108 128 139 79 100 138 137 91 128 110 110 124 124 143 103 134 83 141 126 143 82 143 77 142 93 145 123 82 82 112 98 118 80 134 117 82 147 117 141 130 94 102 98 80 126 122 112 132 73 88 134 83 79 90 133 87 139 133 0 87 115 91 76 115 88 77 71 139 125 147 100 92 143 132 131 117 109 110 137 109 132 79 141 99 124 130 104 102 121 88 144 131 129 78 131 139 97 78 105 135 128 124
100 101 70 74 108 88 84 79 101 104 63 71 68 108 115 118 88 118 113 118 83 113 90 89 87 77 114 77 122 55 47 64 111 100 85 110 86 123 69 88 133 62 115 106 97 76 120 74 89 64 101 63 101 96 60 135 112 88 117 75 80 119 85 123 89 85 123 100 111 70 79 99 65 82 84 112 125 83 101 79 69 93 101 98 89 112 145 70 97 52 113 110 84 107 93 61 114 102 123 58 112 117 105 47 104 108 110 113 0 107 99 72 63 60 101 117 101 86 60 118 131 122 93 107 73 50 84 104 99 100 98 54 103 82 119 83 123 66 81 114 66 123 112 114 83 52 103 113 96 125 99
113 85 117 63 103 128 112 72 66 132 119 120 77 83 85 104 127 75 94 64 101 83 80 122 112 93 120 73 62 123 123 106 78 75 109 118 114 68 89 68 67 109 86 93 99 96 106 81 71 128 124 104 72 118 92 137 95 70 96 124 78 89 126 60 123 68 127 67 136 53 106 125 70 119 112 121 103 57 115 103 91 123 104 77 131 75 120 94 59 113 120 82 99 76 77 126 84 69 110 112 122 115 123 98 95 96 124 125 120 0 87 83 75 107 103 70 119 121 90 112 59 133 120 82 104 111 75 83 102 78 121 93 106 130 88 124 78 95 92 98 118 58 94 110 76 107 68 126 85 96 117
128 136 152 130 168 149 125 134 170 126 152 148 117 165 165 129 115 122 129 154 164 149 130 134 165 105 133 150 173 105 160 167 152 165 175 128 131 135 105 152 152 147 151 170 143 167 149 176 129 111 156 110 164 124 123 135 138 121 128 138 154 119 98 130 160 159 169 149 119 131 162 128 131 128 107 134 161 125 174 120 118 168 122 153 141 138 174 103 161 122 178 168 125 173 107 159 176 148 125 114 131 138 177 170 133 187 148 138 129 118 0 168 122 123 130 167 160 125 154 158 135 109 159 132 113 152 188 156 138 121 188 155 117 181 154 169 120 156 155 158 135 176 183 141 147 117 141 177 138 130 135
61 69 100 113 124 111 114 80 75 111 77 94 102 118 103 106 109 59 111 100 124 96 110 124 96 73 105 65 126 110 96 88 115 122 95 92 75 116 124 83 74 78 115 65 77 91 121 70 102 98 61 67 77 116 65 71 99 130 99 119 57 115 101 84 95 99 108 83 97 82 112 116 112 74 74 93 124 110 107 56 87 98 93 92 73 122 113 124 104 107 78 85 91 120 105 73 127 103 104 70 104 70 108 102 110 127 110 82 55 79 81 0 79 58 119 62 94 65 94 109 115 98 85 111 94 91 92 65 68 84 122 76 103 70 104 77 72 85 90 101 72 53 116 98 74 107 61 64 70 108 109
118 83 130 71 92 91 134 122 108 113 120 136 113 100 88 87 134 136 119 90 112 116 108 100 81 86 118 84 134 78 78 138 129 93 117 116 133 83 138 133 81 82 122 127 124 102 79 88 124 119 135 88 76 108 76 117 121 99 101 118 130 76 133 66 109 97 115 141 86 117 96 96 115 111 79 92 66 105 94 140 87 84 92 124 69 122 126 90 81 128 122 100 67 78 116 117 131 82 135 135 99 73 76 125 95 117 128 94 130 74 123 94 0 129 129 131 79 78 134 103 114 80 115 103 124 134 129 117 82 133 121 140 113 111 95 79 124 114 131 115 99 84 114 86 78 91 140 128 87 78 129
120 80 71 117 98 76 89 117 89 113 131 115 78 82 95 89 80 69 90 132 98 84 94 77 96 94 140 85 87 74 132 97 87 64 115 90 112 88 99 90 107 126 79 109 131 90 86 60 120 103 128 81 112 104 117 139 73 93 126 120 121 77 135 113 86 121 123 67 84 80 118 119 97 66 98 113 133 102 138 98 133 125 108 129 120 110 135 70 129 119 87 134 130 137 104 67 93 121 121 66 84 97 95 94 122 128 128 126 105 75 131 114 80 0 95 134 67 119 86 112 121 71 98 124 80 77 136 115 84 112 118 125 95 117 67 102 110 79 76 81 68 103 126 123 91 109 88 84 100 102 102
106 103 128 102 113 109 128 125 116 95 80 76 117 133 97 108 101 132 115 126 72 101 76 101 109 91 76 122 111 103 100 89 107 75 123 111 106 108 123 114 98 93 90 115 118 130 87 119 111 119 119 117 129 131 89 83 107 96 66 118 76 105 92 129 141 106 120 101 135 103 86 101 116 108 76 72 104 105 139 72 71 94 136 115 118 109 146 108 88 103 136 129 121 126 87 121 76 116 114 95 77 126 123 75 82 94 99 128 122 93 140 126 129 71 0 90 126 103 90 83 74 110 89 85 119 134 135 88 95 100 128 79 75 129 75 128 123 127 133 83 125 69 115 79 132 130 94 133 107 129 107
105 84 70 138 83 97 133 94 120 103 127 123 111 112 132 69 84 139 134 105 88 75 75 128 76 126 75 111 126 104 135 110 107 115 90 111 78 67 116 132 134 132 122 120 132 133 139 103 125 123 92 93 106 136 138 147 89 105 80 129 116 126 76 79 116 118 109 99 94 97 113 90 76 140 123 105 84 105 90 66 108 130 71 142 127 103 106 89 83 106 104 129 118 121 120 91 112 98 82 97 84 80 133 107 120 99 117 82 114 89 127 124 97 78 77 0 87 89 83 94 140 108 110 104 115 81 143 94 100 69 83 85 118 132 102 113 98 88 89 97 79 127 96 108 68 124 135 86 121 113 117
116 89 93 119 118 130 84 130 135 103 130 117 118 75 96 110 93 116 110 125 130 134 112 143 97 78 98 85 138 118 118 93 118 134 72 130 94 82 105 81 113 119 126 82 110 83 123 128 77 94 142 80 74 100 121 146 94 136 115 142 125 74 115 92 95 112 83 118 109 125 93 95 125 87 110 87 85 69 100 88 132 88 137 90 124 137 96 146 131 124 82 97 92 99 132 81 87 96 127 78 120 137 99 131 123 99 147 120 124 105 83 87 89 114 102 82 0 81 130 98 73 94 113 135 104 111 116 120 129 137 93 109 124 84 132 98 76 123 126 125 95 84 98 133 80 131 83 81 109 116 120
54 94 80 88 77 107 97 119 106 85 114 96 84 138 88 114 98 126 103 97 80 119 139 83 130 75 74 91 113 108 85 132 92 132 72 136 124 125 114 125 71 130 100 132 129 141 82 83 120 114 88 83 105 109 79 121 80 78 135 85 75 75 111 85 132 117 76 77 124 81 68 111 74 75 138 96 131 124 116 108 78 131 84 90 98 90 110 123 108 131 84 138 81 115 104 102 118 128 88 104 110 82 91 85 131 88 107 125 122 120 133 92 73 117 73 89 71 0 140 140 84 94 116 136 90 128 89 82 112 95 137 122 126 141 80 77 99 117 68 120 127 110 107 96 79 88 70 114 123 68 118
69 98 112 64 82 132 117 131 120 74 92 69 92 107 130 92 72 111 90 73 133 115 88 72 129 84 91 127 106 76 125 121 122 88 102 101 112 101 105 75 81 116 68 70 128 116 81 106 120 94 85 110 92 93 110 92 127 112 103 110 89 129 80 74 140 115 88 83 98 61 92 128 78 116 133 93 125 68 96 122 131 77 109 85 137 97 85 81 85 93 83 136 71 62 102 100 105 101 85 117 127 103 104 108 76 97 84 75 78 127 85 111 84 128 72 80 83 130 0 119 107 79 114 92 93 78 104 96 105 142 126 94 128 115 113 136 99 105 92 118 124 71 81 107 72 125 118 84 127 65 100
63 128 94 83 89 98 86 91 101 74 129 103 127 66 63 87 125 112 65 77 115 127 125 83 117 98 117 123 68 117 94 88 132 80 85 126 89 125 121 96 80 92 90 121 110 133 113 62 126 74 108 135 123 133 142 98 76 125 111 107 87 74 132 69 123 105 109 68 125 81 107 97 120 101 85 79 125 116 133 132 98 84 123 87 112 123 133 143 74 92 103 66 82 98 85 78 125 115 125 122 77 132 101 77 130 107 85 117 102 74 74 116 125 96 131 67 115 84 90 0 127 114 125 119 86 116 94 128 69 86 94 106 94 105 75 125 123 137 131 73 133 123 67 124 107 97 77 76 106 99 123
59 115 109 107 87 118 73 108 104 104 100 104 112 64 102 94 116 128 58 52 101 90 120 128 125 115 83 98 88 90 76 126 81 104 120 97 115 105 66 100 102 88 81 101 107 111 105 76 134 86 124 88 125 66 66 97 98 94 71 82 108 83 67 91 81 70 99 129 126 56 62 103 80 107 136 128 99 82 65 84 128 93 74 58 110 81 76 95 122 134 123 113 82 70 74 67 117 67 91 96 92 80 66 118 130 81 101 119 112 121 114 98 87 125 70 119 122 122 127 125 0 99 108 75 77 116 103 116 123 83 62 77 129 132 83 117 112 133 69 71 69 121 75 120 96 75 64 136 91 123 86
71 83 113 93 115 80 89 104 114 114 94 125 74 87 99 67 79 56 116 115 56 109 119 105 117 88 105 111 118 89 74 58 84 60 101 113 93 67 98 100 96 62 124 120 134 82 117 94 78 69 80 91 115 90 63 112 99 90 77 85 104 69 99 89 105 50 89 116 72 109 64 123 113 110 105 67 80 81 97 129 88 98 101 116 136 61 83 95 116 48 124 117 85 70 118 95 93 77 99 108 117 73 88 67 115 78 93 108 58 116 125 73 87 49 106 82 69 74 83 51 118 0 82 118 72 86 133 86 108 111 113 70 112 139 116 113 64 65 62 118 87 113 118 64 95 74 96 87 56 108 128
78 152 118 95 103 107 112 139 96 152 89 148 116 95 135 102 139 107 128 123 131 144 94 145 151 103 95 98 85 117 153 104 109 109 152 148 152 141 104 153 78 102 150 112 117 94 109 95 106 141 118 152 142 134 130 97 158 100 116 93 142 98 153 107 104 153 110 110 155 93 124 128 101 115 123 141 106 94 105 144 123 102 150 93 128 133 149 124 131 108 124 83 80 78 137 143 125 130 125 133 121 141 91 155 139 99 151 142 124 114 90 138 149 151 144 112 124 132 91 147 133 103 0 118 142 127 107 117 105 142 99 120 112 99 140 133 100 151 93 126 98 107 98 118 142 147 126 94 99 143 130
76 106 66 79 100 77 118 126 102 81 123 124 77 88 94 79 131 128 109 111 98 81 70 101 65 70 106 113 86 68 94 78 123 71 110 108 66 96 80 80 96 121 68 109 85 130 102 82 103 94 86 74 109 100 84 81 79 101 125 69 83 93 126 111 117 126 99 123 101 80 96 75 75 131 107 121 91 98 72 130 120 92 108 64 107 109 130 80 79 83 84 97 99 73 105 126 64 93 85 128 82 71 58 130 119 119 93 76 126 109 104 83 130 124 116 104 77 91 69 82 59 90 109 0 123 98 101 85 59 127 113 136 128 68 125 67 73 123 75 102 77 112 83 105 109 100 97 121 79 117 67
66 107 116 95 81 102 77 126 117 69 78 120 114 114 124 90 68 101 118 117 137 118 118 82 69 76 135 78 138 83 129 124 114 72 65 103 104 108 96 98 128 124 72 103 147 90 76 95 118 79 117 84 71 84 117 96 115 83 112 80 129 120 124 112 91 77 118 124 132 76 116 111 113 131 129 131 99 98 129 128 67 109 121 110 123 90 91 115 101 113 69 97 76 121 129 117 119 63 61 103 114 112 118 78 91 123 109 67 95 114 79 72 76 73 118 109 116 114 125 101 73 123 125 135 0 127 131 82 134 116 88 130 120 134 110 90 100 104 103 116 70 65 115 116 108 76 62 121 76 107 85
61 121 86 82 69 114 112 92 69 74 106 115 105 126 119 77 86 76 120 76 94 67 95 66 79 75 86 66 104 121 64 114 83 90 93 71 106 77 80 72 111 87 98 102 129 109 93 123 97 60 111 121 101 97 76 146 102 68 112 133 98 122 105 73 131 109 118 92 90 118 111 124 98 124 76 126 131 122 139 120 105 120 99 103 86 74 129 64 72 109 117 93 130 133 102 124 79 86 73 105 102 82 120 70 120 128 119 118 87 65 88 86 77 63 73 71 120 83 113 88 109 76 124 83 121 0 97 108 135 119 78 120 124 130 130 66 73 102 125 117 62 73 122 74 119 100 68 110 127 128 89
123 102 87 87 106 103 87 76 111 147 141 80 128 76 144 132 116 131 84 90 101 138 113 121 141 99 82 102 123 100 137 151 106 138 132 117 140 110 114 137 119 128 112 121 100 108 148 120 99 117 94 137 111 125 133 94 119 118 112 109 114 102 137 133 102 126 86 96 89 103 106 112 137 146 134 138 83 84 100 137 94 107 148 112 125 148 109 141 98 128 116 128 102 107 144 130 91 134 128 133 150 95 146 124 138 79 123 124 142 112 82 100 148 124 122 96 142 100 100 95 80 134 130 118 148 130 0 110 132 108 91 105 88 81 135 140 116 158 109 87 89 133 118 106 106 154 121 140 138 104 134
59 97 124 70 75 94 108 78 133 129 121 73 109 70 96 115 89 90 109 107 131 74 112 112 118 91 91 85 124 125 100 133 104 76 138 129 107 75 128 86 113 115 65 108 90 100 68 112 98 114 91 111 114 116 128 113 100 100 127 124 71 80 110 91 98 111 104 136 89 96 75 113 104 128 118 109 94 132 127 126 85 99 124 73 119 117 99 129 118 82 108 120 125 73 105 84 98 96 138 75 85 70 79 122 75 72 131 105 136 134 90 86 135 128 115 80 138 141 124 114 114 89 115 76 116 101 111 0 128 84 119 89 75 116 115 87 142 86 74 80 117 85 88 141 76 125 138 130 123 68 131
70 109 98 128 104 124 74 115 84 105 112 101 74 95 67 128 111 119 105 74 127 82 108 78 122 114 66 100 79 91 88 100 117 122 92 93 130 100 77 123 113 86 83 105 98 138 97 84 129 109 81 124 111 113 93 109 107 91 92 110 84 119 120 78 127 80 110 95 70 97 95 127 76 87 127 133 83 79 113 130 132 126 108 98 116 130 86 111 77 133 67 86 62 77 99 111 65 111 122 131 77 91 79 104 125 67 116 78 110 104 125 116 92 84 141 64 114 124 85 110 80 132 97 69 121 120 138 81 0 98 70 106 72 117 97 99 124 109 129 131 90 72 106 90 86 129 77 114 76 88 98
104 111 62 125 118 115 113 83 112 105 94 81 132 83 71 128 93 101 122 90 134 107 89 116 122 119 126 89 117 98 66 81 113 124 58 120 119 80 125 69 99 112 80 76 95 64 101 95 78 70 115 104 120 80 78 90 70 108 106 92 71 125 113 122 74 108 113 57 110 77 90 95 113 132 125 124 76 119 128 60 83 67 114 97 68 121 84 71 79 121 110 83 102 72 107 108 93 62 59 124 115 72 119 79 96 106 71 106 114 62 74 59 63 114 83 75 124 124 121 77 84 82 100 120 130 117 129 123 124 0 69 86 121 129 78 71 110 96 107 117 78 76 80 74 89 99 92 100 98 102 71
62 86 122 116 120 135 101 88 122 123 134 74 107 114 92 77 96 93 107 118 137 135 98 93 110 137 72 135 111 93 88 87 102 124 124 122 100 141 131 78 117 89 103 103 91 127 79 83 138 130 94 122 88 92 124 106 106 125 109 61 118 120 128 95 94 110 78 83 76 68 128 97 116 124 102 134 90 121 80 131 112 87 90 124 72 121 142 118 103 87 80 113 109 128 82 79 109 71 111 129 104 120 126 130 91 111 109 87 125 115 77 99 127 112 79 120 134 143 114 127 66 82 116 68 109 131 121 99 113 99 0 97 83 101 127 124 135 123 77 119 111 72 91 128 146 141 106 86 113 73 132
54 102 128 91 108 92 83 100 89 82 95 88 109 138 100 90 139 90 112 121 89 91 85 80 88 74 113 115 75 112 87 91 127 78 82 103 97 120 132 105 135 87 117 119 111 98 104 115 110 133 102 105 87 104 89 108 100 116 75 76 67 76 121 95 141 131 75 120 131 106 88 120 109 84 111 125 111 77 113 79 92 113 125 100 98 137 132 114 98 129 89 77 103 105 100 107 93 123 73 88 134 63 69 127 117 112 115 140 80 115 132 73 109 121 95 113 131 95 89 135 117 118 80 123 131 75 105 85 121 79 55 0 109 82 103 114 110 119 73 80 102 104 66 81 129 115 123 99 135 117 119
125 118 128 117 111 95 90 101 127 93 132 99 119 136 107 98 128 129 93 75 143 103 87 138 145 82 96 140 132 112 135 82 112 115 145 90 129 84 90 112 110 88 88 74 117 142 104 76 99 97 117 134 107 128 125 116 120 138 127 87 82 105 102 139 128 135 101 146 111 73 84 83 112 120 118 130 84 91 145 97 125 133 136 118 107 81 99 145 113 98 95 128 97 73 131 81 130 82 76 134 102 80 136 81 139 137 140 129 124 119 106 112 130 96 151 137 133 141 133 102 92 142 121 114 90 143 89 119 83 134 83 87 0 143 134 122 102 108 96 93 141 113 130 136 147 141 84 150 95 91 107
122 116 101 138 120 121 130 112 79 82 127 101 133 113 111 97 105 71 131 134 76 108 138 103 76 70 119 83 140 123 99 122 111 130 120 109 75 109 127 81 109 72 121 138 112 127 103 96 89 97 113 92 133 73 91 144 120 92 96 97 96 111 87 120 83 95 129 104 130 130 105 112 94 126 125 103 117 142 137 135 102 133 90 108 114 86 105 119 134 125 99 107 114 110 109 132 147 109 116 106 129 134 127 101 67 116 125 127 108 122 100 85 67 75 92 140 73 80 118 77 114 128 91 116 96 93 140 114 113 120 132 78 145 0 100 96 110 112 133 69 72 107 105 109 86 109 97 125 122 118 99
89 71 110 111 82 114 98 101 112 97 68 101 58 75 71 56 113 57 81 93 56 91 64 115 118 63 97 88 124 111 68 70 104 60 96 89 103 54 117 55 110 80 128 82 102 81 76 104 82 95 109 60 100 79 109 130 60 83 90 115 54 96 89 82 115 56 116 73 70 118 98 117 57 99 72 102 92 98 74 104 66 124 107 111 90 79 80 87 111 89 77 116 119 72 88 116 117 84 107 58 99 68 76 76 55 85 78 69 113 118 71 111 108 92 122 122 97 80 103 73 86 88 123 82 115 124 83 105 116 88 91 108 65 90 0 86 81 88 79 56 59 51 83 73 123 104 98 116 111 59 123
129 141 128 124 112 128 151 123 132 147 121 116 95 116 95 146 106 149 129 132 152 138 115 146 105 114 119 125 128 109 97 142 93 143 124 120 100 127 144 97 144 156 93 120 86 138 110 120 120 125 126 118 139 99 109 126 94 116 147 145 124 94 96 96 144 130 162 116 133 154 106 151 117 126 145 114 121 98 111 146 139 141 131 97 102 114 125 135 106 136 110 93 142 92 136 116 118 108 143 96 145 130 104 110 140 146 157 108 145 158 96 90 94 139 104 83 112 155 152 158 140 133 157 118 121 144 91 155 97 145 146 143 139 125 127 0 155 112 148 127 121 114 122 127 112 117 119 120 102 115 115
73 109 102 116 68 96 87 131 86 95 105 97 113 86 77 49 91 110 95 124 54 94 122 102 75 63 131 79 75 83 93 90 83 93 127 131 69 121 79 68 85 118 129 106 133 63 94 78 71 89 92 62 116 64 92 131 75 60 100 135 127 74 108 109 64 53 61 99 87 107 111 95 49 110 71 110 119 128 127 132 74 103 75 110 109 113 86 116 104 82 127 83 116 123 56 71 132 70 111 75 85 86 83 109 119 89 84 118 117 76 81 120 82 51 128 107 59 80 73 107 114 88 85 97 70 117 98 104 114 83 81 81 103 125 107 93 0 80 125 116 87 123 96 124 81 106 92 124 110 129 105
87 140 91 130 123 93 76 74 94 112 114 90 105 109 81 102 82 76 93 75 111 126 112 85 82 78 96 85 126 107 91 93 120 107 114 113 89 121 81 74 83 76 70 64 130 93 91 121 93 113 141 118 120 86 86 114 131 129 64 127 81 88 108 106 74 75 103 143 142 83 87 116 136 108 82 103 126 97 98 127 128 63 98 118 97 117 122 118 65 131 77 112 61 73 143 118 101 119 104 130 94 118 118 115 115 128 116 85 134 135 124 99 131 123 57 61 130 110 91 86 70 106 92 112 113 128 131 88 73 100 115 75 115 78 123 99 87 0 91 129 131 126 125 108 76 102 76 102 141 71 94
63 94 115 73 107 82 123 87 147 94 138 119 90 80 113 114 86 102 72 84 88 122 96 119 115 86 138 96 124 112 115 118 136 97 106 75 113 126 108 127 79 140 119 106 102 146 92 137 83 145 114 122 121 109 146 136 127 95 74 117 139 98 139 116 122 122 130 92 82 129 134 99 113 130 142 100 122 126 130 93 133 78 116 137 91 91 116 98 128 96 88 133 94 87 115 116 137 95 138 116 126 114 119 109 105 108 83 82 86 88 103 126 149 95 107 120 107 109 97 105 100 130 104 136 91 109 85 129 135 88 117 118 133 148 107 127 86 137 0 86 102 129 93 143 119 138 75 149 116 97 72
75 130 109 94 73 107 95 88 103 102 132 90 129 76 76 97 81 106 117 78 133 93 118 128 127 107 107 84 110 114 88 107 80 86 127 121 124 135 137 107 116 85 91 95 135 120 103 95 128 123 137 100 118 127 131 121 74 120 99 62 104 81 90 67 124 94 133 127 117 81 129 111 119 90 92 82 52 112 87 103 134 92 83 70 115 89 128 78 85 79 136 60 118 125 110 136 98 101 88 76 88 132 90 85 104 90 142 126 95 92 83 105 107 125 112 105 96 137 85 77 90 124 107 65 80 92 115 131 101 116 106 136 114 99 84 95 96 118 100 0 90 88 101 118 110 114 91 97 79 120 111
77 95 90 78 125 99 78 116 114 109 121 91 82 119 68 65 105 82 91 110 112 109 74 61 109 97 105 101 135 59 119 67 102 63 124 73 72 109 129 75 133 64 122 124 104 87 127 116 84 94 101 128 116 98 91 94 89 64 103 74 99 132 117 125 118 128 57 89 96 94 127 122 86 126 108 76 88 95 104 63 94 95 112 128 113 78 130 68 85 116 68 126 74 126 84 88 112 68 75 69 118 85 123 81 102 90 127 61 91 85 114 82 59 95 89 81 84 88 120 131 91 115 114 131 59 111 116 73 123 106 115 60 77 139 89 111 87 101 120 113 0 104 100 70 109 112 64 76 65 94 98
90 69 59 60 121 128 127 94 94 87 82 81 109 65 59 104 89 102 58 115 117 81 91 89 82 124 72 110 107 124 129 123 88 74 101 60 113 71 108 116 109 84 131 68 113 79 89 92 102 71 93 73 92 67 83 79 91 103 62 113 115 70 92 70 118 75 127 96 85 74 67 68 70 66 125 79 76 114 117 98 89 91 119 75 78 115 126 81 81 79 77 95 72 106 103 104 124 67 90 119 74 57 98 70 86 131 90 79 118 115 77 87 85 103 85 116 101 123 124 67 64 108 112 97 83 112 66 121 69 77 86 130 104 128 61 66 92 97 102 112 118 0 106 101 118 128 116 123 119 92 115
103 73 81 106 85 110 118 85 80 106 84 75 120 89 64 88 102 100 142 99 76 137 101 71 113 121 142 95 142 128 89 124 85 100 80 137 86 106 134 98 128 89 142 119 112 112 134 94 127 133 117 133 87 105 131 137 117 122 111 131 71 112 137 90 126 129 136 104 101 102 106 89 121 125 75 113 108 99 113 101 142 119 124 93 138 124 148 112 119 92 143 79 81 122 126 72 77 124 118 133 139 82 140 100 93 94 107 142 121 102 96 66 91 124 118 98 129 99 77 80 87 133 126 128 93 117 110 91 134 116 96 134 88 136 80 111 97 75 109 92 94 85 0 107 83 81 62 130 101 108 133
81 111 128 98 98 123 117 87 98 91 102 106 72 98 62 72 112 99 104 76 68 87 87 77 114 64 89 71 122 92 67 68 94 111 70 131 60 63 98 59 115 85 88 116 123 110 109 117 84 88 62 75 102 111 124 135 92 89 115 110 110 121 102 98 73 100 87 117 123 101 123 79 96 105 74 116 78 68 100 118 114 121 105 126 129 92 132 88 125 109 87 111 92 94 91 118 106 83 113 91 122 104 74 110 61 136 87 103 97 123 120 90 60 98 108 99 77 127 110 91 114 61 61 115 116 106 108 87 126 76 76 67 70 79 122 71 47 89 65 87 122 118 126 0 125 86 71 63 67 75 103
120 115 106 126 155 168 141 128 134 104 102 142 134 158 135 142 116 113 146 130 109 145 111 139 138 156 146 138 159 105 159 122 156 149 142 109 160 108 137 150 126 155 114 148 137 166 110 136 136 163 109 140 137 151 121 123 117 116 102 127 137 131 126 138 151 168 96 149 101 141 145 148 118 141 124 124 134 112 135 144 137 127 101 129 97 134 106 142 92 133 101 132 151 105 106 122 108 150 142 122 154 106 116 165 117 87 152 125 152 111 146 150 131 160 146 160 103 100 156 114 137 154 115 154 99 105 102 109 143 138 128 161 153 90 112 169 140 158 115 103 123 111 153 164 0 126 154 128 154 124 143
64 78 119 95 77 122 122 132 70 62 75 79 116 88 111 108 96 118 119 102 64 77 97 101 131 114 91 112 107 67 100 103 104 114 76 99 104 71 124 91 123 62 101 93 119 74 88 110 103 65 110 67 108 76 106 100 65 101 122 130 120 93 106 102 121 64 118 111 86 113 125 121 125 60 131 124 76 118 90 124 109 115 108 108 101 105 125 94 118 95 128 78 118 71 79 63 109 64 76 110 60 117 96 59 123 137 83 97 122 101 75 110 118 80 120 119 130 65 63 121 129 123 93 131 84 117 111 113 123 120 96 68 59 93 123 68 109 85 104 115 106 94 128 62 109 0 66 61 83 120 130
104 82 69 134 81 79 56 114 123 97 63 126 82 110 115 122 73 95 106 88 118 108 117 89 80 115 85 103 101 79 93 62 93 98 82 120 108 79 95 118 109 69 125 127 149 71 127 117 96 114 65 83 121 85 105 141 116 89 124 119 124 81 102 78 64 75 88 67 120 76 113 110 107 77 97 111 116 132 135 96 86 114 108 113 101 107 138 124 81 108 122 128 109 94 120 80 98 79 90 105 101 89 115 93 66 109 99 103 119 103 128 113 116 107 91 88 103 83 75 94 106 112 85 138 105 124 88 92 122 54 79 72 112 109 132 108 76 69 99 115 57 116 107 103 127 80 0 106 98 79 92
123 119 134 136 119 160 162 101 123 103 121 117 110 138 163 163 140 134 150 121 155 102 93 112 140 164 129 102 145 153 108 134 148 158 148 132 162 146 136 159 137 151 136 126 130 144 134 109 153 162 111 152 131 163 139 150 160 163 118 153 120 134 138 159 168 164 109 157 133 124 101 101 159 146 152 144 158 135 152 133 157 133 102 123 92 105 122 127 129 167 111 116 126 118 134 155 133 137 99 155 107 140 104 126 141 108 118 158 123 99 136 133 110 168 128 133 156 154 120 130 98 119 109 102 158 143 90 138 120 149 154 102 155 131 150 105 119 108 167 131 160 144 160 160 143 164 161 0 125 139 89
54 135 120 98 90 132 113 112 101 109 94 69 94 109 78 113 142 86 90 59 115 133 90 94 124 113 99 107 71 124 108 125 134 82 115 94 96 100 98 92 127 89 84 121 83 96 69 92 92 88 98 120 74 129 112 132 133 124 89 120 88 116 135 87 92 78 104 81 116 98 86 67 118 80 77 131 123 132 119 91 113 61 87 121 82 98 107 113 72 104 71 104 105 108 85 94 68 126 98 84 129 66 93 133 81 100 77 129 97 75 99 120 126 123 135 125 121 134 109 119 120 133 89 121 101 131 106 78 95 141 130 91 131 134 93 134 79 124 97 116 143 130 77 119 118 107 104 98 0 104 79
91 114 97 94 132 125 65 142 90 86 109 122 74 123 113 72 116 97 108 118 122 105 87 104 130 125 122 75 93 97 125 112 108 71 80 84 124 77 60 122 152 70 92 107 143 84 116 126 73 124 86 95 138 99 128 142 80 72 115 120 122 111 128 128 109 100 125 113 110 115 132 97 125 107 100 133 141 140 99 82 78 102 98 84 96 84 119 96 131 80 145 113 112 89 106 128 121 100 83 63 102 130 124 115 63 141 106 117 80 136 96 124 117 84 116 86 120 88 72 112 122 88 78 143 76 87 132 81 124 110 105 96 77 102 76 142 86 88 119 89 83 105 129 92 80 78 91 130 79 0 131
54 89 86 95 150 126 145 103 110 150 144 135 107 105 124 93 117 122 82 134 144 104 90 125 146 136 131 107 113 154 148 140 121 96 87 135 108 124 138 123 131 148 138 120 103 142 108 92 117 139 132 90 101 135 151 92 144 159 113 134 79 109 135 88 142 114 153 114 136 129 84 141 119 139 131 142 137 133 96 125 133 106 143 108 130 134 122 120 141 115 108 96 130 104 118 138 104 80 115 142 130 82 131 92 127 133 97 128 101 132 103 130 127 98 118 135 146 115 112 144 133 93 140 94 146 136 109 138 137 129 95 123 115 130 88 88 110 95 142 104 146 139 99 95 91 153 89 100 122 87 0
0 38388
17962 18816
15192 16789
5381 6933
13240 14358
3745 4968
3347 4541
5021 6701
16987 18035
5038 6209
8501 10170
16271 17167
6454 7874
6491 7975
3029 4694
16711 17968
10423 11548
9713 11054
16385 17202
7395 8380
17608 18681
16418 17877
5822 7420
14369 15444
15635 17073
15390 16289
12532 14230
8728 9653
9068 10763
15749 16584
14488 15478
14861 15944
10556 11432
9473 11246
15805 17436
8891 10537
2705 4308
13232 14726
13806 15339
2935 4332
17372 18679
14018 14938
6403 7275
17652 18456
11772 13209
15298 16594
7125 8269
2814 4313
9297 10662
9776 10665
14212 15499
18568 20192
5679 6550
17379 19161
7385 9083
11937 13412
3824 5566
16049 17294
14080 15838
2607 3993
13886 15529
18379 20097
14060 15101
15890 17409
2557 3542
17238 18710
11110 12715
3109 4882
13783 14964
16155 17477
14144 15561
15328 16737
18152 19278
12998 14143
18330 19376
2840 3867
8735 10051
6397 7705
3515 4655
15400 16425
16891 18137
12091 13011
9615 10631
4387 5287
7688 8565
5506 6680
5313 6344
17339 18290
2534 3696
14565 15612
2612 3701
11887 12980
4891 6289
13656 14803
19452 20362
15837 17034
12282 13805
5696 6988
9217 10373
2640 3924
17448 18441
3774 5482
8230 9649
18626 19858
10845 12369
2273 3842
17821 18824
17303 18965
15932 17366
4805 5631
1779 3463
7609 9224
7873 9216
3609 4578
2021 3122
8756 9817
13644 14915
14978 16284
3317 4992
7741 8941
7855 8936
12524 13587
13763 15067
11348 13084
16732 18017
14537 15694
2550 3445
18657 19575
17762 19191
10829 12307
4104 5053
9884 11100
9034 10577
6344 7981
18086 19234
3520 5045
1920 3430
18392 19791
9143 10225
7530 8980
14902 16393
7112 8303
15808 17037
11235 12313
6585 7992
14653 15849
13872 15067
7348 8569
17653 19181
4952 5954
1905 3474
