101
0 145 287 217 383 167 243 149 27 58 281 277 90 323 62 216 92 357 290 69 267 297 53 186 406 181 428 247 327 352 51 91 224 344 100 108 112 193 217 352 230 311 318 407 160 271 432 252 413 165 232 246 311 444 401 347 349 281 292 27 78 468 284 422 168 217 197 350 140 224 175 173 254 480 440 292 406 328 370 325 150 443 298 269 251 222 420 248 120 319 150 486 79 91 306 330 372 230 38 143 358
145 0 232 277 236 24 98 152 129 113 122 248 192 186 210 313 217 208 239 111 208 160 206 166 305 244 248 143 237 229 206 120 99 241 91 92 223 89 329 214 108 188 250 252 120 277 285 116 268 31 106 233 173 343 303 203 276 295 234 140 137 370 276 311 127 165 190 306 120 222 164 120 290 323 321 159 256 262 244 177 85 274 235 236 217 205 260 141 182 163 205 307 221 94 256 272 222 132 165 110 209
264 232 0 125 290 217 314 362 259 280 311 3 195 413 268 215 237 176 33 213 447 401 300 405 154 147 348 374 98 142 259 186 321 101 295 310 208 328 252 229 344 122 47 307 350 48 243 185 187 201 344 30 368 163 131 285 67 50 26 260 316 175 18 164 362 414 67 85 357 63 401 365 84 411 175 262 223 61 137 373 323 371 33 19 30 434 407 377 140 309 139 397 286 305 34 48 226 111 233 350 400
212 277 125 0 418 274 364 338 212 264 383 122 124 468 176 83 125 310 179 203 454 451 224 385 301 31 466 423 241 288 172 184 365 247 287 308 94 367 114 364 390 255 187 433 345 101 389 255 330 257 386 121 434 292 265 389 194 103 145 233 273 302 125 308 365 414 100 204 341 68 374 373 57 541 316 347 369 195 274 441 329 495 167 131 125 428 499 428 99 386 61 527 192 299 153 173 372 180 161 349 473
381 236 290 418 0 216 180 382 351 349 142 309 395 186 438 491 436 146 271 331 361 188 435 390 249 410 60 249 215 171 425 317 216 234 327 322 432 239 518 60 229 160 262 26 350 361 85 155 151 220 209 323 136 341 293 49 311 359 279 358 376 359 333 232 321 338 325 327 345 345 398 320 409 119 256 95 104 274 191 130 303 86 268 314 315 390 113 281 354 92 375 104 447 330 302 319 76 225 377 332 135
162 24 217 274 216 0 95 176 135 137 123 229 183 190 218 308 212 187 226 115 229 170 212 196 286 242 238 157 216 208 201 106 90 226 115 107 220 104 323 190 101 167 229 232 137 264 262 95 243 16 102 205 156 328 281 179 261 277 216 142 159 361 256 287 134 187 189 285 140 221 184 135 281 319 303 136 234 242 223 185 92 264 220 212 202 213 267 153 188 153 197 292 229 116 237 251 201 117 161 117 190
238 98 314 364 180 95 0 207 211 195 48 317 279 117 306 406 307 227 284 205 182 97 288 210 330 333 175 81 260 246 296 201 49 285 151 137 315 71 416 151 52 211 294 192 167 357 225 139 258 111 37 303 75 386 336 131 335 365 305 224 196 411 340 324 142 162 274 354 164 306 214 136 377 237 342 91 203 305 266 97 122 201 284 297 287 216 178 107 271 90 294 234 302 159 309 326 166 205 256 143 109
132 152 362 338 382 176 207 0 108 74 245 352 213 242 194 344 230 372 376 142 115 219 170 41 468 306 386 153 386 387 190 171 169 408 73 65 245 144 348 371 149 351 392 403 37 372 438 266 430 183 173 339 258 503 455 346 420 393 367 115 66 532 380 463 61 80 283 444 37 326 43 71 367 430 473 296 416 402 403 279 80 402 375 347 324 88 369 127 245 293 268 436 196 62 395 405 379 285 169 55 295
27 129 259 212 351 135 211 108 0 34 251 246 95 289 95 226 110 328 278 44 226 262 77 155 388 181 373 205 302 340 90 73 191 325 79 77 142 168 228 321 189 297 296 362 120 265 398 230 384 146 204 234 284 416 366 307 314 278 269 20 61 433 270 391 138 182 182 338 129 211 153 142 251 452 404 261 373 304 349 303 96 406 280 248 223 197 389 197 129 288 152 427 94 68 282 303 336 199 59 121 322
58 113 280 264 349 137 195 74 34 0 225 274 129 256 120 261 146 333 304 78 188 223 111 115 405 215 357 167 322 340 124 97 151 341 45 43 171 134 253 323 156 309 316 364 77 297 400 229 382 144 173 253 250 438 382 309 342 315 293 41 32 452 296 410 104 144 210 361 89 242 117 104 286 417 422 263 375 324 360 265 58 376 292 261 250 163 364 162 163 272 190 416 127 34 312 330 338 211 93 83 291
267 122 311 383 142 123 48 245 251 225 0 320 307 108 332 424 326 197 279 233 217 103 329 248 306 343 131 113 243 214 315 229 74 273 199 178 343 95 447 124 85 194 278 165 206 354 199 122 225 137 69 302 67 362 318 105 322 374 295 253 234 381 340 297 181 194 283 337 206 313 255 184 374 209 316 64 176 288 234 66 163 154 276 303 289 249 149 137 291 60 313 193 344 191 312 325 139 192 275 188 98
257 248 3 122 309 229 317 352 246 274 320 0 186 429 261 205 224 179 37 205 447 403 285 400 168 136 367 383 94 160 255 185 333 110 286 307 198 335 241 233 344 126 56 317 345 39 266 188 203 204 345 30 376 164 131 287 68 47 23 259 313 174 15 176 361 410 64 82 355 60 395 372 81 424 185 265 249 64 144 377 327 390 36 22 27 429 413 387 133 316 120 411 277 302 31 51 241 109 230 346 410
81 192 195 124 395 183 279 213 95 129 307 186 0 364 69 131 38 324 238 81 330 341 93 254 362 93 414 311 283 324 65 77 261 308 165 176 47 251 139 360 270 284 253 401 224 186 413 239 374 179 273 174 339 364 333 346 254 199 215 100 156 374 194 374 234 290 122 272 231 131 256 247 167 497 384 300 388 267 328 365 199 447 235 191 163 301 451 303 57 330 71 476 80 172 223 243 357 178 43 220 379
312 186 413 468 186 190 117 242 289 256 108 429 364 0 389 502 399 287 383 283 189 39 371 231 397 435 164 84 346 314 375 296 92 371 228 200 403 124 510 225 103 297 389 207 219 465 265 230 316 206 80 406 54 460 413 172 434 471 404 287 259 479 446 393 176 180 379 454 205 414 242 168 483 202 410 160 268 400 333 80 180 164 383 402 392 234 128 113 371 126 393 199 381 219 422 439 228 305 335 195 56
57 210 268 176 438 218 306 194 95 120 332 261 69 389 0 148 32 386 307 103 316 354 38 241 436 126 468 298 360 384 6 119 278 378 155 163 65 263 133 399 279 343 327 454 209 246 464 282 440 219 296 238 376 440 402 399 332 260 289 90 136 447 263 447 224 278 191 348 203 196 243 237 217 533 450 346 434 340 397 387 192 489 314 261 243 283 473 283 124 367 133 524 11 154 297 316 400 252 46 214 416
202 313 215 83 491 308 406 344 226 261 424 205 131 502 148 0 118 397 258 212 467 482 193 391 386 90 528 441 315 372 154 202 390 331 296 311 90 382 31 438 407 344 274 506 354 184 474 328 413 292 413 206 464 385 353 459 279 184 235 230 284 393 215 398 371 423 170 293 358 151 383 383 140 610 403 414 454 282 361 483 332 560 254 216 208 435 568 435 134 455 111 595 159 306 243 263 452 253 169 351 508
89 217 237 125 436 212 307 230 110 146 326 224 38 399 32 118 0 362 277 105 344 364 81 276 402 94 459 333 321 361 38 115 286 346 179 196 40 281 118 399 296 318 293 448 235 217 455 289 412 220 306 212 373 402 378 393 292 217 255 111 166 420 226 412 256 305 160 320 241 164 265 262 168 542 422 338 429 301 366 392 219 489 273 227 201 319 483 312 95 366 106 514 43 192 271 284 391 216 51 232 417
344 208 176 310 146 187 227 372 328 333 197 179 324 287 386 397 362 0 138 291 407 285 415 390 119 312 191 307 76 36 382 254 259 93 301 293 343 279 425 81 275 54 125 136 338 227 89 92 50 184 257 203 233 191 140 120 176 232 147 335 364 216 205 115 330 384 228 183 340 247 382 339 273 257 137 136 64 138 56 226 285 224 139 184 195 412 248 327 267 165 288 229 410 309 169 176 65 146 338 322 244
290 239 33 179 271 226 284 376 278 304 279 37 238 383 307 258 277 138 0 234 445 377 333 408 114 188 316 363 67 104 302 214 302 61 306 315 246 313 295 201 327 89 13 273 362 90 210 154 147 194 322 66 343 130 94 251 50 94 14 283 334 152 54 124 353 402 113 72 362 109 406 365 137 386 138 235 190 26 102 340 316 349 0 43 57 444 381 379 174 277 183 364 325 324 28 41 193 81 262 351 370
69 111 213 203 331 115 205 142 44 78 233 205 81 283 103 212 105 291 234 0 251 258 121 183 335 170 349 232 265 293 94 29 180 282 84 107 128 179 218 305 191 252 247 347 141 228 365 191 341 116 192 193 271 363 328 293 270 246 225 49 104 386 225 354 168 210 141 285 143 173 185 168 222 429 359 245 345 260 306 284 127 375 234 205 182 219 367 224 106 264 129 407 114 95 241 260 309 161 54 149 307
253 208 447 454 361 229 182 115 226 188 217 447 330 189 316 467 344 407 445 251 0 162 276 74 505 410 353 104 439 426 307 273 138 456 168 145 367 127 458 342 130 389 454 377 112 472 414 310 442 245 153 423 218 553 508 313 491 487 447 232 175 582 468 495 92 50 389 520 112 419 85 88 471 394 519 273 394 467 443 244 131 365 445 431 420 49 326 75 351 267 377 400 311 155 470 483 354 347 291 106 252
285 160 401 451 188 170 97 219 262 223 103 403 341 39 354 482 364 285 377 258 162 0 335 201 398 406 179 58 344 312 347 279 75 367 185 177 380 83 479 224 64 295 374 217 179 447 263 225 318 191 69 396 52 465 408 173 428 457 380 256 226 491 420 403 150 149 350 435 176 392 215 142 459 221 416 158 266 387 335 81 159 198 377 392 382 199 164 87 342 124 374 240 349 191 401 415 225 300 309 155 86
53 206 300 224 435 212 288 170 77 111 329 285 93 371 38 193 81 415 333 121 276 335 0 202 460 175 454 289 379 409 44 151 272 405 148 158 108 247 182 400 269 373 358 441 173 285 477 313 462 223 286 274 365 465 432 386 364 298 314 80 112 482 293 469 201 241 215 380 173 225 195 211 257 531 481 338 452 362 424 385 180 486 333 282 267 249 469 267 150 371 164 514 27 150 326 353 415 275 83 189 401
179 166 405 385 390 196 210 41 155 115 248 400 254 231 241 391 276 390 408 183 74 201 202 0 489 345 385 141 412 409 231 215 163 432 106 96 292 142 384 367 155 370 422 408 46 424 444 297 450 215 180 378 254 534 488 349 463 430 406 159 103 561 423 487 70 45 328 478 46 356 11 78 415 425 505 307 419 435 426 274 92 400 412 386 371 47 368 107 286 297 314 442 229 99 432 447 382 319 216 64 292
397 305 154 301 249 286 330 468 388 405 306 168 362 397 436 386 402 119 114 335 505 398 460 489 0 315 299 414 76 85 426 316 356 53 383 392 377 376 430 171 373 116 101 235 436 212 163 188 80 263 362 186 346 84 41 227 122 217 136 390 433 115 182 4 427 474 236 114 436 243 481 436 259 365 16 237 145 106 65 331 383 324 115 164 188 511 352 425 306 282 310 332 452 401 137 131 171 183 384 419 355
168 244 147 31 410 242 333 306 181 215 343 136 93 435 126 90 94 312 188 170 410 406 175 345 315 0 442 385 246 292 135 147 334 262 257 262 63 331 113 357 344 264 205 425 305 121 400 247 337 211 346 123 406 313 284 371 207 123 163 190 241 323 138 326 322 374 90 222 308 76 334 330 74 530 337 342 376 211 287 402 285 475 182 131 120 388 491 389 53 378 30 505 144 258 175 195 364 172 130 308 437
404 248 348 466 60 238 175 386 373 357 131 367 414 164 468 528 459 191 316 349 353 179 454 385 299 442 0 240 273 231 454 338 205 292 327 313 458 238 555 118 228 218 318 65 346 406 130 192 209 241 200 368 127 384 341 71 367 415 335 376 374 414 392 290 317 334 360 380 348 393 398 317 459 81 314 114 151 331 256 109 294 26 316 359 357 381 60 275 397 85 423 67 462 322 357 369 134 276 399 327 116
232 143 374 423 249 157 81 153 205 167 113 383 311 84 298 441 333 307 363 232 104 58 289 141 414 385 240 0 349 324 295 241 59 370 147 120 347 62 437 247 48 295 371 272 130 425 315 220 341 173 50 366 110 470 417 212 414 436 376 207 179 499 405 408 92 91 333 435 116 374 158 84 434 279 425 172 301 384 348 140 105 248 360 371 359 141 225 29 325 167 354 295 303 141 383 400 253 274 271 106 140
327 237 98 241 215 216 260 386 302 322 243 94 283 346 360 315 321 76 67 265 439 344 379 412 76 246 273 349 0 60 344 242 288 23 326 322 295 310 352 155 307 56 55 212 361 151 158 121 99 210 292 123 286 107 64 196 102 151 71 314 363 144 111 89 354 407 161 107 360 177 411 360 198 336 101 180 138 64 50 290 309 296 67 102 114 441 331 359 230 230 234 312 371 324 92 99 141 111 303 345 322
346 229 142 288 171 208 246 387 340 340 214 160 324 314 384 372 361 36 104 293 426 312 409 409 85 292 231 324 60 0 373 258 280 58 319 314 332 298 399 113 298 35 91 169 357 199 111 107 51 202 274 170 260 167 119 156 150 207 131 338 370 184 182 90 349 403 202 144 355 222 403 355 253 289 97 155 99 104 20 256 304 258 105 152 171 430 280 350 262 197 275 261 403 327 135 140 97 133 333 338 286
51 206 259 172 425 201 296 190 90 124 315 255 65 375 6 154 38 382 302 94 307 347 44 231 426 135 454 295 344 373 0 113 272 368 149 169 71 252 139 391 270 336 315 441 193 250 449 275 428 215 284 232 362 427 395 386 322 263 278 89 130 437 258 433 222 262 187 338 198 196 222 228 213 532 443 339 423 323 381 381 186 483 295 256 229 276 472 281 118 355 136 518 17 158 287 306 380 232 40 208 405
91 120 186 184 317 106 201 171 73 97 229 185 77 296 119 202 115 254 214 29 273 279 151 215 316 147 338 241 242 258 113 0 196 265 109 132 121 183 216 274 202 223 227 327 164 200 333 162 311 102 218 161 262 343 306 272 251 217 201 74 129 359 210 320 179 232 122 267 164 154 210 191 193 420 330 226 302 240 277 289 148 364 214 169 158 240 371 235 84 253 107 397 131 120 220 234 268 139 78 165 296
208 99 321 365 216 90 49 169 191 151 74 333 261 92 278 390 286 259 302 180 138 75 272 163 356 334 205 59 288 280 272 196 0 317 124 112 300 21 398 200 11 239 316 241 126 369 271 167 297 106 12 309 86 408 360 174 352 371 306 198 160 429 348 352 101 120 279 377 123 314 176 95 383 262 374 138 250 333 295 106 85 228 302 302 292 171 203 63 278 124 301 267 281 117 334 340 211 221 234 102 127
344 241 101 247 234 226 285 408 325 341 273 110 308 371 378 331 346 93 61 282 456 367 405 432 53 262 292 370 23 58 368 265 317 0 326 337 319 330 369 171 340 71 48 229 382 158 169 143 95 210 322 133 314 96 53 213 83 164 87 331 380 117 127 57 371 425 183 94 385 181 426 374 208 355 69 203 141 60 38 313 329 315 62 111 130 452 346 382 247 254 251 332 397 341 92 85 158 130 322 359 346
100 91 295 287 327 115 151 73 79 45 199 286 165 228 155 296 179 301 306 84 168 185 148 106 383 257 327 147 326 319 149 109 124 326 0 23 209 103 298 306 121 281 320 343 54 309 370 207 352 116 144 274 217 428 383 282 354 327 308 88 54 458 309 394 79 124 222 372 59 254 101 81 302 390 406 242 349 330 336 243 38 353 298 289 263 135 326 139 189 241 212 386 151 11 321 338 313 217 128 63 255
101 92 310 308 322 107 137 65 77 43 178 307 176 200 163 311 196 293 315 107 145 177 158 96 392 262 313 120 322 314 169 132 112 337 23 0 214 79 310 291 110 273 327 332 50 328 368 201 353 123 115 283 195 433 390 277 366 341 313 84 59 463 330 401 54 101 245 380 50 274 92 58 328 370 413 229 341 335 329 217 15 326 303 291 280 121 305 112 206 231 229 373 170 17 326 343 306 222 138 40 242
112 223 208 94 432 220 315 245 142 171 343 198 47 403 65 90 40 343 246 128 367 380 108 292 377 63 458 347 295 332 71 121 300 319 209 214 0 298 109 383 311 297 268 446 260 181 434 270 383 223 312 186 376 376 347 391 266 186 230 143 198 387 199 387 275 324 134 291 266 128 290 284 137 541 396 345 404 282 341 400 238 494 249 202 175 334 489 334 70 373 68 512 76 205 245 256 382 191 87 263 415
193 89 328 367 239 104 71 144 168 134 95 335 251 124 263 382 281 279 313 179 127 83 247 142 376 331 238 62 310 298 252 183 21 330 103 79 298 0 390 227 19 261 323 265 102 373 292 188 327 120 33 320 114 428 374 200 365 382 319 166 138 450 350 373 83 110 279 387 104 322 153 78 376 287 388 161 280 333 311 139 64 257 301 312 302 161 224 52 267 145 298 295 254 101 324 341 232 220 229 86 148
195 329 252 114 518 323 416 348 228 253 447 241 139 510 133 31 118 425 295 218 458 479 182 384 430 113 555 437 352 399 139 216 398 369 298 310 109 390 0 469 412 371 315 533 355 218 511 356 453 319 422 234 486 423 392 484 313 215 275 223 285 432 243 437 364 414 197 331 351 181 377 374 171 641 442 439 489 323 395 502 328 589 294 244 233 434 588 435 156 468 138 622 144 306 284 303 469 277 169 353 523
352 214 229 364 60 190 151 371 321 323 124 233 360 225 399 438 399 81 201 305 342 224 400 367 171 357 118 247 155 113 391 274 200 171 306 291 383 227 469 0 210 100 190 80 327 293 72 112 91 189 201 259 166 270 219 55 248 286 203 332 358 290 259 170 303 326 272 259 324 292 372 309 327 179 196 60 44 214 137 161 274 141 189 247 249 381 173 269 301 105 322 164 412 306 222 249 16 180 351 309 172
212 108 344 390 229 101 52 149 189 156 85 344 270 103 279 407 296 275 327 191 130 64 269 155 373 344 228 48 307 298 270 202 11 340 121 110 311 19 412 210 0 257 335 251 107 392 282 178 312 131 23 332 102 421 376 183 365 400 329 192 162 454 366 363 90 110 306 389 109 338 156 84 403 277 396 143 262 348 319 130 83 247 313 331 321 161 214 55 290 135 314 287 272 122 351 351 222 239 245 91 136
311 188 122 255 160 167 211 351 297 309 194 126 284 297 343 344 318 54 89 252 389 295 373 370 116 264 218 295 56 35 336 223 239 71 281 273 297 261 371 100 257 0 90 180 319 178 143 72 86 164 243 152 240 168 120 155 140 180 103 297 336 197 143 117 312 366 174 163 319 193 362 319 214 281 128 134 116 103 55 243 282 241 89 132 146 392 277 309 219 183 240 270 364 293 122 138 115 98 290 302 268
303 250 47 187 262 229 294 392 296 316 278 56 253 389 327 274 293 125 13 247 454 374 358 422 101 205 318 371 55 91 315 227 316 48 320 327 268 323 315 190 335 90 0 261 371 103 202 156 134 206 327 83 329 116 83 245 63 109 27 303 340 143 79 105 365 416 128 58 373 126 420 372 150 383 117 223 187 13 86 338 321 343 13 57 74 450 370 375 197 273 193 362 348 333 41 48 188 95 275 354 365
393 252 307 433 26 232 192 403 362 364 165 317 401 207 454 506 448 136 273 347 377 217 441 408 235 425 65 272 212 169 441 327 241 229 343 332 446 265 533 80 251 180 261 0 371 364 65 178 148 230 235 337 162 326 286 66 314 370 290 374 396 348 336 225 342 364 340 321 365 360 413 346 411 134 248 101 86 278 189 156 315 91 265 313 322 419 113 301 369 116 390 101 453 346 310 315 72 248 393 351 151
134 120 350 345 350 137 167 37 120 77 206 345 224 219 209 354 235 338 362 141 112 179 173 46 436 305 346 130 361 357 193 164 126 382 54 50 260 102 355 327 107 319 371 371 0 364 401 240 394 161 138 323 217 481 437 308 407 374 355 119 63 500 370 432 24 79 281 427 0 310 44 34 357 393 454 259 380 390 371 237 41 356 361 331 320 76 329 90 236 256 269 402 192 43 376 401 340 272 178 16 256
270 277 48 101 361 264 357 372 265 297 354 39 186 465 246 184 217 227 90 228 472 447 285 424 212 121 406 425 151 199 250 200 369 158 309 328 181 373 218 293 392 178 103 364 364 0 300 229 241 248 391 60 417 201 176 341 92 17 64 274 331 213 24 222 380 431 86 120 364 54 418 386 47 476 222 305 280 117 190 422 343 439 90 57 62 452 465 425 143 352 114 454 262 327 69 76 283 144 233 365 448
419 285 243 389 85 262 225 438 398 400 199 266 413 265 464 474 455 89 210 365 414 263 477 444 163 400 130 315 158 111 449 333 271 169 370 368 434 292 511 72 282 143 202 65 401 300 0 168 83 254 267 281 211 258 219 94 254 309 229 409 424 278 283 160 380 391 313 255 401 323 445 377 354 194 183 132 28 216 131 207 351 153 210 253 272 450 178 334 359 144 379 161 479 382 251 255 68 235 408 383 216
252 116 185 255 155 95 139 266 230 229 122 188 239 230 282 328 289 92 154 191 310 225 313 297 188 247 192 220 121 107 275 162 167 143 207 201 270 188 356 112 178 72 156 178 240 229 168 0 142 92 171 170 184 247 185 124 200 242 170 236 260 266 205 189 232 286 162 211 236 182 290 236 248 274 200 78 140 166 128 180 187 230 151 162 152 320 232 230 191 120 212 259 305 210 174 191 106 70 240 229 205
399 268 187 330 151 243 258 430 384 382 225 203 374 316 440 413 412 50 147 341 442 318 462 450 80 337 209 341 99 51 428 311 297 95 352 353 383 327 453 91 312 86 134 148 394 241 83 142 0 238 297 219 263 177 121 146 178 250 165 391 408 195 217 79 386 425 253 181 399 269 442 395 299 272 96 151 65 137 57 251 341 232 148 197 217 472 268 367 315 191 329 244 458 363 178 172 91 186 384 382 263
165 31 201 257 220 16 111 183 146 144 137 204 179 206 219 292 220 184 194 116 245 191 223 215 263 211 241 173 210 202 215 102 106 210 116 123 223 120 319 189 131 164 206 230 161 248 254 92 238 0 129 189 172 308 263 175 245 257 201 158 170 331 232 278 153 201 179 268 151 207 215 151 264 326 288 129 232 214 220 197 108 267 182 193 183 241 274 173 180 156 181 300 240 125 205 222 197 101 170 144 211
230 106 344 386 209 102 37 173 204 173 69 345 273 80 296 413 306 257 322 192 153 69 286 180 362 346 200 50 292 274 284 218 12 322 144 115 312 33 422 201 23 243 327 235 138 391 267 171 297 129 0 332 74 418 371 167 366 394 328 202 172 439 366 364 112 132 296 390 136 336 188 120 404 242 378 128 253 337 294 94 100 213 312 323 313 180 177 75 288 117 314 258 301 129 335 352 209 231 247 122 108
242 233 30 121 323 205 303 339 234 253 302 30 174 406 238 206 212 203 66 193 423 396 274 378 186 123 368 366 123 170 232 161 309 133 274 283 186 320 234 259 332 152 83 337 323 60 281 170 219 189 332 0 360 195 164 293 90 73 46 246 297 201 40 196 343 392 44 109 336 53 380 357 86 452 212 246 265 91 171 367 303 397 63 14 3 410 408 372 114 300 113 435 253 290 61 74 253 85 211 334 396
306 173 368 434 136 156 75 258 284 250 67 376 339 54 376 464 373 233 343 271 218 52 365 254 346 406 127 110 286 260 362 262 86 314 217 195 376 114 486 166 102 240 329 162 217 417 211 184 263 172 74 360 0 404 360 121 388 425 346 282 254 434 396 339 186 208 345 396 214 376 265 186 442 171 358 106 214 354 280 29 174 146 332 356 346 254 106 139 344 72 359 177 377 213 365 384 172 258 317 193 34
428 343 163 292 341 328 386 503 416 438 362 164 364 460 440 385 402 191 130 363 553 465 465 534 84 313 384 470 107 167 427 343 408 96 428 433 376 428 423 270 421 168 116 326 481 201 258 247 177 308 418 195 404 0 43 317 105 195 151 418 464 19 176 98 473 518 235 82 471 234 528 471 242 458 75 297 237 103 136 416 434 417 130 162 192 554 450 473 305 354 305 425 454 445 138 122 260 211 393 461 442
384 303 131 265 293 281 336 455 366 382 318 131 333 413 402 353 378 140 94 328 508 408 432 488 41 284 341 417 64 119 395 306 360 53 383 390 347 374 392 219 376 120 83 286 437 176 219 185 121 263 371 164 360 43 0 273 90 181 108 381 423 62 142 45 425 471 213 77 431 211 478 436 221 405 57 244 192 70 91 354 385 365 94 138 160 510 400 428 283 304 274 376 430 388 100 90 212 171 356 409 395
338 203 285 389 49 179 131 346 307 309 105 287 346 172 399 459 393 120 251 293 313 173 386 349 227 371 71 212 196 156 386 272 174 213 282 277 391 200 484 55 183 155 245 66 308 341 94 124 146 175 167 293 121 317 273 0 301 342 259 321 337 339 304 226 282 296 289 305 301 317 355 282 380 152 248 46 99 262 182 110 253 97 245 295 287 352 131 238 326 50 347 134 398 292 278 292 67 196 340 282 124
329 276 67 194 311 261 335 420 314 342 322 68 254 434 332 279 292 176 50 270 491 428 364 463 122 207 367 414 102 150 322 251 352 83 354 366 266 365 313 248 365 140 63 314 407 92 254 200 178 245 366 90 388 105 90 301 0 109 55 327 380 115 68 126 399 453 132 23 412 128 457 408 147 432 122 278 236 50 121 391 354 392 50 65 76 487 427 417 201 320 194 411 350 370 37 20 244 132 285 394 416
281 295 50 103 359 277 365 393 278 315 374 47 199 471 260 184 217 232 94 246 487 457 298 430 217 123 415 436 151 207 263 217 371 164 327 341 186 382 215 286 400 180 109 370 374 17 309 242 250 257 394 73 425 195 181 342 109 0 70 299 342 205 41 222 395 443 99 113 377 67 432 401 58 480 232 318 289 117 197 430 360 440 89 65 74 462 467 434 159 368 127 463 275 331 78 91 292 157 247 381 460
280 234 26 145 279 216 305 367 269 293 295 23 215 404 289 235 255 147 14 225 447 380 314 406 136 163 335 376 71 131 278 201 306 87 308 313 230 319 275 203 329 103 27 290 355 64 229 170 165 201 328 46 346 151 108 259 55 70 0 274 327 161 38 150 352 405 84 69 357 83 402 353 104 400 162 237 209 51 121 351 308 360 14 31 42 431 383 371 154 286 165 381 303 319 21 35 215 100 251 335 382
27 140 260 233 358 142 224 115 20 41 253 259 100 287 90 230 111 335 283 49 232 256 80 159 390 190 376 207 314 338 89 74 198 331 88 84 143 166 223 332 192 297 303 374 119 274 409 236 391 158 202 246 282 418 381 321 327 299 274 0 56 438 279 405 141 188 190 341 124 222 148 145 264 458 404 277 383 309 351 304 102 402 289 254 232 202 393 199 142 291 162 434 94 75 295 311 352 210 60 127 329
78 137 316 273 376 159 196 66 61 32 234 313 156 259 136 284 166 364 334 104 175 226 112 103 433 241 374 179 363 370 130 129 160 380 54 59 198 138 285 358 162 336 340 396 63 331 424 260 408 170 172 297 254 464 423 337 380 342 327 56 0 487 328 437 92 132 242 395 63 271 92 102 309 428 449 288 404 353 389 276 74 385 333 306 282 139 363 158 187 284 210 430 132 43 343 363 366 243 115 79 293
442 370 175 302 359 361 411 532 433 452 381 174 374 479 447 393 420 216 152 386 582 491 482 561 115 323 414 499 144 184 437 359 429 117 458 463 387 450 432 290 454 197 143 348 500 213 278 266 195 331 439 201 434 19 62 339 115 205 161 438 487 0 179 117 496 550 251 92 500 245 561 500 252 479 94 323 259 122 164 437 464 440 149 172 193 590 474 506 320 380 319 452 467 471 148 127 284 241 402 492 473
281 276 18 125 333 256 340 380 270 296 340 15 194 446 263 215 226 205 54 225 468 420 293 423 182 138 392 405 111 182 258 210 348 127 309 330 199 350 243 259 366 143 79 336 370 24 283 205 217 232 366 40 396 176 142 304 68 41 38 279 328 179 0 190 385 432 79 91 370 62 422 395 71 441 190 291 268 87 167 394 348 412 66 42 42 450 431 417 152 336 122 438 285 317 45 52 258 133 243 370 431
410 311 164 308 232 287 324 463 391 410 297 176 374 393 447 398 412 115 124 354 495 403 469 487 4 326 290 408 89 90 433 320 352 57 394 401 387 373 437 170 363 117 105 225 432 222 160 189 79 278 364 196 339 98 45 226 126 222 150 405 437 117 190 0 424 470 247 118 431 246 480 431 267 353 20 232 144 106 69 328 379 313 125 174 197 521 349 415 317 267 320 321 462 403 141 139 167 198 393 420 344
157 127 362 365 321 134 142 61 138 104 181 361 234 176 224 371 256 330 353 168 92 150 201 70 427 322 317 92 354 349 222 179 101 371 79 54 275 83 364 303 90 312 365 342 24 380 380 232 386 153 112 343 186 473 425 282 399 395 352 141 92 496 385 424 0 51 296 427 24 329 68 17 374 367 439 240 355 373 362 206 39 334 341 349 338 100 306 72 261 229 288 375 216 74 364 381 318 260 195 14 227
209 165 414 414 338 187 162 80 182 144 194 410 290 180 278 423 305 384 402 210 50 149 241 45 474 374 334 91 407 403 262 232 120 425 124 101 324 110 414 326 110 366 416 364 79 431 391 286 425 201 132 392 208 518 471 296 453 443 405 188 132 550 432 470 51 0 346 475 75 375 56 45 430 377 491 256 384 434 413 231 88 352 402 406 381 51 313 62 307 244 333 391 264 115 426 441 331 311 247 65 239
189 190 67 100 325 189 274 283 182 210 283 64 122 379 191 170 160 228 113 141 389 350 215 328 236 90 360 333 161 202 187 122 279 183 222 245 134 279 197 272 306 174 128 340 281 86 313 162 253 179 296 44 345 235 213 289 132 99 84 190 242 251 79 247 296 346 0 146 282 32 323 309 89 447 254 249 290 132 210 349 267 393 103 52 41 358 404 340 69 291 73 423 212 233 95 115 277 92 162 282 377
348 306 85 204 327 285 354 444 338 361 337 82 272 454 348 293 320 183 72 285 520 435 380 478 114 222 380 435 107 144 338 267 377 94 372 380 291 387 331 259 389 163 58 321 427 120 255 211 181 268 390 109 396 82 77 305 23 113 69 341 395 92 91 118 427 475 146 0 429 142 472 432 160 443 125 287 227 45 124 397 379 408 72 80 91 501 434 441 218 337 224 415 365 383 56 40 250 158 300 420 432
140 120 357 341 345 140 164 37 129 89 206 355 231 205 203 358 241 340 362 143 112 176 173 46 436 308 348 116 360 355 198 164 123 385 59 50 266 104 351 324 109 319 373 365 0 364 401 236 399 151 136 336 214 471 431 301 412 377 357 124 63 500 370 431 24 75 282 429 0 310 44 34 364 390 441 261 376 386 371 238 43 359 354 351 320 76 325 90 244 256 267 399 192 43 376 393 339 272 183 16 255
210 222 63 68 345 221 306 326 211 242 313 60 131 414 196 151 164 247 109 173 419 392 225 356 243 76 393 374 177 222 196 154 314 181 254 274 128 322 181 292 338 193 126 360 310 54 323 182 269 207 336 53 376 234 211 317 128 67 83 222 271 245 62 246 329 375 32 142 310 0 354 335 57 473 256 269 303 138 208 375 289 422 106 63 56 392 424 381 83 311 60 450 212 271 91 111 297 112 173 314 405
170 164 401 374 398 184 214 43 153 117 255 395 256 242 243 383 265 382 406 185 85 215 195 11 481 334 398 158 411 403 222 210 176 426 101 92 290 153 377 372 156 362 420 413 44 418 445 290 442 215 188 380 265 528 478 355 457 432 402 148 92 561 422 480 68 56 323 472 44 354 0 78 407 437 504 306 424 433 418 286 92 403 407 392 369 58 382 129 279 305 303 451 222 92 427 446 387 314 207 62 307
161 120 365 373 320 135 136 71 142 104 184 372 247 168 237 383 262 339 365 168 88 142 211 78 436 330 317 84 360 355 228 191 95 374 81 58 284 78 374 309 84 319 372 346 34 386 377 236 395 151 120 357 186 471 436 282 408 401 353 145 102 500 395 431 17 45 309 432 34 335 78 0 387 365 441 234 361 385 369 219 43 333 353 358 341 87 304 72 263 232 293 376 226 70 376 393 321 265 208 27 226
242 290 84 57 409 281 377 367 251 286 374 81 167 483 217 140 168 273 137 222 471 459 257 415 259 74 459 434 198 253 213 193 383 208 302 328 137 376 171 327 403 214 150 411 357 47 354 248 299 264 404 86 442 242 221 380 147 58 104 264 309 252 71 267 374 430 89 160 364 57 407 387 0 528 271 332 334 158 233 435 341 490 130 91 89 445 487 437 122 374 104 508 233 315 112 132 332 169 204 358 462
468 323 411 541 119 319 237 430 452 417 209 424 497 202 533 610 542 257 386 429 394 221 531 425 365 530 81 279 336 289 532 420 262 355 390 370 541 287 641 179 277 281 383 134 393 476 194 274 272 326 242 452 171 458 405 152 432 480 400 458 428 479 441 353 367 377 447 443 390 473 437 365 528 0 377 195 220 395 322 142 350 55 385 429 439 426 59 308 482 166 504 36 544 386 421 435 192 352 486 369 131
421 321 175 316 256 303 342 473 404 422 316 185 384 410 450 403 422 137 138 359 519 416 481 505 16 337 314 425 101 97 443 330 374 69 406 413 396 388 442 196 396 128 117 248 454 222 183 200 96 288 378 212 358 75 57 248 122 232 162 404 449 94 190 20 439 491 254 125 441 256 504 441 271 377 0 252 162 114 77 347 403 336 146 187 205 531 369 449 326 286 321 344 474 415 153 142 186 208 404 431 368
288 159 262 347 95 136 91 296 261 263 64 265 300 160 346 414 338 136 235 245 273 158 338 307 237 342 114 172 180 155 339 226 138 203 242 229 345 161 439 60 143 134 223 101 259 305 132 78 151 129 128 246 106 297 244 46 278 318 237 277 288 323 291 232 240 256 249 287 261 269 306 234 332 195 252 0 104 236 175 110 213 140 223 254 243 312 154 198 278 50 302 180 352 248 256 274 75 148 297 239 135
392 256 223 369 104 234 203 416 373 375 176 249 388 268 434 454 429 64 190 345 394 266 452 419 145 376 151 301 138 99 423 302 250 141 349 341 404 280 489 44 262 116 187 86 380 280 28 140 65 232 253 265 214 237 192 99 236 289 209 383 404 259 268 144 355 384 290 227 376 303 424 361 334 220 162 104 0 193 103 203 326 178 190 233 252 425 199 324 334 142 351 187 453 357 230 228 42 210 382 355 216
328 262 61 195 274 242 305 402 304 324 288 64 267 400 340 282 301 138 26 260 467 387 362 435 106 211 331 384 64 104 323 240 333 60 330 335 282 333 323 214 348 103 13 278 390 117 216 166 137 214 337 91 354 103 70 262 50 117 51 309 353 122 87 106 373 434 132 45 386 138 433 385 158 395 114 236 193 0 94 352 337 355 27 75 86 464 391 394 202 286 201 372 358 343 43 35 202 113 290 368 377
368 244 137 274 191 223 266 403 349 360 234 144 328 333 397 361 366 56 102 306 443 335 424 426 65 287 256 348 50 20 381 277 295 38 336 329 341 311 395 137 319 55 86 189 371 190 131 128 57 220 294 171 280 136 91 182 121 197 121 351 389 164 167 69 362 413 210 124 371 208 418 369 233 322 77 175 103 94 0 276 318 279 103 145 156 447 316 363 271 221 274 292 411 342 133 123 117 150 341 351 306
322 177 373 441 130 185 97 279 303 265 66 377 365 80 387 483 392 226 340 284 244 81 385 274 331 402 109 140 290 256 381 289 106 313 243 217 400 139 502 161 130 243 338 156 237 422 207 180 251 197 94 367 29 416 354 110 391 430 351 304 276 437 394 328 206 231 349 397 238 375 286 219 435 142 347 110 203 352 276 0 194 119 337 355 345 274 83 169 357 60 372 157 394 233 367 384 160 261 338 216 32
123 85 323 329 303 92 122 80 96 58 163 327 199 180 192 332 219 285 316 127 131 159 180 92 383 285 294 105 309 304 186 148 85 329 38 15 238 64 328 274 83 282 321 315 41 343 351 187 341 108 100 303 174 434 385 253 354 360 308 102 74 464 348 379 39 88 267 379 43 289 92 43 341 350 403 213 326 337 318 194 0 311 308 304 294 121 285 97 221 212 247 356 196 32 331 345 289 227 162 25 214
430 274 371 495 86 264 201 402 406 376 154 390 447 164 489 560 489 224 349 375 365 198 486 400 324 475 26 248 296 258 483 364 228 315 353 326 494 257 589 141 247 241 343 91 356 439 153 230 232 267 213 397 146 417 365 97 392 440 360 402 385 440 412 313 334 352 393 408 359 422 403 333 490 55 336 140 178 355 279 119 311 0 342 392 392 402 41 286 423 111 449 46 488 342 384 400 157 306 426 336 113
290 235 33 167 268 220 284 375 280 292 276 36 235 383 314 254 273 139 0 234 445 377 333 412 115 182 316 360 67 105 295 214 302 62 298 303 249 301 294 189 313 89 13 265 361 90 210 151 148 182 312 63 332 130 94 245 50 89 14 289 333 149 66 125 341 402 103 72 354 106 407 353 130 385 146 223 190 27 103 337 308 342 0 43 54 432 369 365 173 272 173 357 325 317 28 41 193 81 262 339 369
258 236 19 131 314 212 297 347 248 261 303 22 191 402 261 216 227 184 43 205 431 392 282 386 164 131 359 371 102 152 256 169 302 111 289 291 202 312 244 247 331 132 57 313 331 57 253 162 197 193 323 14 356 162 138 295 65 65 31 254 306 172 42 174 349 406 52 80 351 63 392 358 91 429 187 254 233 75 145 355 304 392 43 0 11 425 406 369 122 293 123 405 281 299 38 59 236 92 219 342 388
231 217 30 125 315 202 287 324 223 250 289 27 163 392 243 208 201 195 57 182 420 382 267 371 188 120 357 359 114 171 229 158 292 130 263 280 175 302 233 249 321 146 74 322 320 62 272 152 217 183 313 3 346 192 160 287 76 74 42 232 282 193 42 197 338 381 41 91 320 56 369 341 89 439 205 243 252 86 156 345 294 392 54 11 0 396 396 359 110 283 114 414 254 283 49 77 250 82 204 320 378
221 205 434 428 390 213 216 88 197 163 249 429 301 234 283 435 319 412 444 219 49 199 249 47 511 388 381 141 441 430 276 240 171 452 135 121 334 161 434 381 161 392 450 419 76 452 450 320 472 241 180 410 254 554 510 352 487 462 431 202 139 590 450 521 100 51 358 501 76 392 58 87 445 426 531 312 425 464 447 274 121 402 432 425 396 0 363 112 322 297 347 441 277 119 455 472 393 343 258 92 289
408 260 407 499 113 267 178 369 389 364 149 413 451 128 473 568 483 248 381 367 326 164 469 368 352 491 60 225 331 280 472 371 203 346 326 305 489 224 588 173 214 277 370 113 329 465 178 232 268 274 177 408 106 450 400 131 427 467 383 393 363 474 431 349 306 313 404 434 325 424 382 304 487 59 369 154 199 391 316 83 285 41 369 406 396 363 0 249 430 118 455 74 488 320 402 426 183 303 424 304 72
219 141 377 428 281 153 107 127 197 162 137 387 303 113 283 435 312 327 379 224 75 87 267 107 425 389 275 29 359 350 281 235 63 382 139 112 334 52 435 269 55 309 375 301 90 425 334 230 367 173 75 372 139 473 428 238 417 434 371 199 158 506 417 415 72 62 340 441 90 381 129 72 437 308 449 198 324 394 363 169 97 286 365 369 359 112 249 0 321 187 353 320 282 128 397 403 274 272 258 86 177
120 182 140 99 354 188 271 245 129 163 291 133 57 371 124 134 95 267 174 106 351 342 150 286 306 53 397 325 230 262 118 84 278 247 189 206 70 267 156 301 290 219 197 369 236 143 359 191 315 180 288 114 344 305 283 326 201 159 154 142 187 320 152 317 261 307 69 218 244 83 279 263 122 482 326 278 334 202 271 357 221 423 173 122 110 322 430 321 0 312 23 456 142 193 168 188 306 121 93 246 378
308 163 309 386 92 153 90 293 288 272 60 316 330 126 367 455 366 165 277 264 267 124 371 297 282 378 85 167 230 197 355 253 124 254 241 231 373 145 468 105 135 183 273 116 256 352 144 120 191 156 117 300 72 354 304 50 320 368 286 291 284 380 336 267 229 244 291 337 256 311 305 232 374 166 286 50 142 286 221 60 212 111 272 293 283 297 118 187 312 0 335 144 377 241 305 322 100 190 314 239 85
143 205 139 61 375 197 294 268 152 190 313 120 71 393 133 111 106 288 183 129 377 374 164 314 310 30 423 354 234 275 136 107 301 251 212 229 68 298 138 322 314 240 193 390 269 114 379 212 329 181 314 113 359 305 274 347 194 127 165 162 210 319 122 320 288 333 73 224 267 60 303 293 104 504 321 302 351 201 274 372 247 449 173 123 114 347 455 353 23 335 0 483 149 216 176 183 330 142 113 270 403
459 307 397 527 104 292 234 436 427 416 193 411 476 199 524 595 514 229 364 407 400 240 514 442 332 505 67 295 312 261 518 397 267 332 386 373 512 295 622 164 287 270 362 101 402 454 161 259 244 300 258 435 177 425 376 134 411 463 381 434 430 452 438 321 375 391 423 415 399 450 451 376 508 36 344 180 187 372 292 157 356 46 357 405 414 441 74 320 456 144 483 0 521 384 400 407 164 329 453 387 143
73 221 286 192 447 229 302 196 94 127 344 277 80 381 11 159 43 410 325 114 311 349 27 229 452 144 462 303 371 403 17 131 281 397 151 170 76 254 144 412 272 364 348 453 192 262 479 305 458 240 301 253 377 454 430 398 350 275 303 94 132 467 285 462 216 264 212 365 192 212 222 226 233 544 474 352 453 358 411 394 196 488 325 281 254 277 488 282 142 377 149 521 0 161 313 337 410 262 64 210 416
91 94 305 299 330 116 159 62 68 34 191 302 172 219 154 306 192 309 324 95 155 191 150 99 401 258 322 141 324 327 158 120 117 341 11 17 205 101 306 306 122 293 333 346 43 327 382 210 363 125 129 290 213 445 388 292 370 331 319 75 43 471 317 403 74 115 233 383 43 271 92 70 315 386 415 248 357 343 342 233 32 342 317 299 283 119 320 128 193 241 216 384 161 0 333 353 323 228 129 57 250
306 256 34 153 302 237 309 395 282 312 312 31 223 422 297 243 271 169 28 241 470 401 326 432 137 175 357 383 92 135 287 220 334 92 321 326 245 324 284 222 351 122 41 310 376 69 251 174 178 205 335 61 365 138 100 278 37 78 21 295 343 148 45 141 364 426 95 56 376 91 427 376 112 421 153 256 230 43 133 367 331 384 28 38 49 455 402 397 168 305 176 400 313 333 0 21 229 104 258 362 400
317 272 48 173 319 251 326 405 303 330 325 51 243 439 316 263 284 176 41 260 483 415 353 447 131 195 369 400 99 140 306 234 340 85 338 343 256 341 303 249 351 138 48 315 401 76 255 191 172 222 352 74 384 122 90 292 20 91 35 311 363 127 52 139 381 441 115 40 393 111 446 393 132 435 142 274 228 35 123 384 345 400 41 59 77 472 426 403 188 322 183 407 337 353 21 0 242 121 281 379 417
358 222 226 372 76 201 166 379 336 338 139 241 357 228 400 452 391 65 193 309 354 225 415 382 171 364 134 253 141 97 380 268 211 158 313 306 382 232 469 16 222 115 188 72 340 283 68 106 91 197 209 253 172 260 212 67 244 292 215 352 366 284 258 167 318 331 277 250 339 297 387 321 332 192 186 75 42 202 117 160 289 157 193 236 250 393 183 274 306 100 330 164 410 323 229 242 0 176 340 323 185
226 132 111 180 225 117 205 285 199 211 192 109 178 305 252 253 216 146 81 161 347 300 275 319 183 172 276 274 111 133 232 139 221 130 217 222 191 220 277 180 239 98 95 248 272 144 235 70 186 101 231 85 258 211 171 196 132 157 100 210 243 241 133 198 260 311 92 158 272 112 314 265 169 352 208 148 210 113 150 261 227 306 81 92 82 343 303 272 121 190 142 329 262 228 104 121 176 0 192 250 286
38 165 233 161 377 161 256 169 59 93 275 230 43 335 46 169 51 338 262 54 291 309 83 216 384 130 399 271 303 333 40 78 234 322 128 138 87 229 169 351 245 290 275 393 178 233 408 240 384 170 247 211 317 393 356 340 285 247 251 60 115 402 243 393 195 247 162 300 183 173 207 208 204 486 404 297 382 290 341 338 162 426 262 219 204 258 424 258 93 314 113 453 64 129 258 281 340 192 0 181 356
143 110 350 349 332 117 143 55 121 83 188 346 220 195 214 351 232 322 351 149 106 155 189 64 419 308 327 106 345 338 208 165 102 359 63 40 263 86 353 309 91 302 354 351 16 365 383 229 382 144 122 334 193 461 409 282 394 381 335 127 79 492 370 420 14 65 282 420 16 314 62 27 358 369 431 239 355 368 351 216 25 336 339 342 320 92 304 86 246 239 270 387 210 57 362 379 323 250 181 0 237
345 209 400 473 135 190 109 295 322 291 98 410 379 56 416 508 417 244 370 307 252 86 401 292 355 437 116 140 322 286 405 296 127 346 255 242 415 148 523 172 136 268 365 151 256 448 216 205 263 211 108 396 34 442 395 124 416 460 382 329 293 473 431 344 227 239 377 432 255 405 307 226 462 131 368 135 216 377 306 32 214 113 369 388 378 289 72 177 378 85 403 143 416 250 400 417 185 286 356 237 0
0 11150
469 1872
2881 4509
4354 6238
1598 2910
469 2028
206 2010
0 920
5 721
8106 9261
1335 2475
2962 4336
2519 3978
408 2384
3448 5189
3521 4891
3676 4923
5527 7108
2612 4558
2349 3596
8869 10883
1957 3437
4018 5758
0 1050
4885 6560
3202 4941
1656 3078
6485 7795
4796 6731
4902 6846
3762 5425
2081 3895
54 2013
5245 6510
3 704
4 891
3550 4917
344 1791
3492 4957
1044 2770
5 1667
4957 6441
2787 4513
1326 3014
3 1220
4184 5824
5136 7034
5473 7250
5076 7106
6280 7983
225 1685
2882 4530
416 2404
7406 8472
4929 6135
1061 2516
7055 8769
4631 5887
2788 4232
4072 5458
6 1086
6812 8755
3128 4165
4591 6435
8 1007
122 1347
2856 4303
4968 6164
1 1046
3195 4387
2 1682
17 1576
4226 5691
1287 2875
4868 6375
1140 2626
5229 6805
2938 4535
4874 6299
530 2414
10 1260
1401 3157
8470 9863
3123 4517
4470 5660
8 1395
1732 3061
634 2144
3861 5820
1018 2395
2938 4858
5924 7415
3783 5045
0 720
3075 4115
4599 6339
5267 6910
2309 3924
2120 3966
10 808
486 2593
