101
0 211 194 154 210 274 370 193 88 281 390 397 467 223 254 291 380 170 115 285 423 193 96 290 159 411 111 278 334 335 361 163 20 88 315 178 370 250 136 360 345 245 157 346 281 415 293 455 344 360 130 454 210 296 43 341 341 389 182 177 168 469 111 453 182 261 370 413 363 298 202 59 299 492 394 130 328 280 206 260 251 382 439 175 251 190 306 409 423 36 198 210 380 43 336 230 152 423 373 114 35
211 0 152 267 88 296 274 327 291 453 499 528 424 36 431 303 280 244 212 407 475 286 265 242 361 461 307 143 284 291 412 375 212 255 432 129 353 307 85 363 131 180 85 190 81 517 428 412 302 354 152 373 244 161 236 481 472 506 365 266 225 421 101 384 260 404 485 326 277 302 332 224 443 480 430 333 322 310 74 443 313 294 540 323 51 277 372 404 433 185 21 153 446 201 364 25 359 494 362 176 242
194 152 0 170 75 145 179 213 252 343 353 408 291 127 335 151 180 101 124 275 323 158 201 110 325 310 251 97 150 157 270 333 181 194 309 44 210 157 118 211 204 57 94 160 140 370 310 277 165 210 74 260 93 113 192 358 350 373 295 137 90 284 134 263 127 287 358 225 172 150 220 178 327 330 285 296 170 167 83 339 161 192 397 229 137 132 220 252 282 161 173 13 294 152 215 150 316 342 210 100 200
154 267 170 0 212 166 303 68 174 190 254 267 351 254 178 171 303 86 54 150 283 44 73 222 224 270 105 258 246 242 223 183 141 74 173 172 257 119 193 248 364 216 182 326 300 271 166 338 241 259 114 351 118 277 118 212 215 240 133 47 87 343 205 350 67 145 220 327 305 187 72 107 185 354 260 200 211 143 222 182 126 326 293 68 275 54 156 285 294 158 263 177 225 119 200 284 162 272 260 91 131
201 88 75 212 0 210 215 273 281 405 424 470 352 54 381 222 220 176 166 343 396 223 235 163 350 382 283 90 206 210 337 364 201 221 374 55 273 225 75 281 145 101 60 141 87 441 376 336 221 274 110 313 168 100 227 430 416 446 332 200 159 342 90 326 195 350 422 267 220 224 281 202 390 401 354 326 243 237 20 391 235 238 465 274 67 207 295 322 351 178 107 71 361 184 282 86 341 417 281 121 231
270 296 145 166 210 0 150 206 323 321 255 325 184 264 323 17 151 100 164 225 186 134 234 81 382 175 269 178 90 85 130 344 263 234 222 187 93 77 258 82 302 130 232 211 266 274 279 173 84 95 185 185 73 186 250 312 276 297 282 122 124 183 276 190 103 255 281 173 155 23 205 230 294 203 147 361 47 43 228 320 76 175 292 210 267 128 125 120 151 269 311 149 195 231 80 291 321 243 93 176 276
370 274 179 303 215 150 0 350 430 471 391 472 155 247 470 154 13 226 270 372 251 284 351 81 492 245 390 131 61 76 236 471 358 340 372 210 103 222 271 124 247 125 251 126 222 400 423 142 72 105 246 104 195 124 362 460 420 443 431 263 229 153 295 119 246 401 422 58 19 133 350 344 443 212 223 468 118 190 222 470 220 30 424 360 233 262 275 142 173 340 294 176 322 331 173 271 452 360 113 266 379
193 327 213 68 273 206 350 0 201 140 201 206 373 316 130 200 353 133 114 92 287 72 101 271 225 271 108 304 292 286 221 170 184 111 124 235 280 130 257 270 412 262 244 372 353 223 103 361 284 284 174 385 162 322 154 155 154 191 86 90 138 366 263 376 116 82 171 370 357 221 15 142 121 373 252 202 245 165 282 126 140 370 241 25 332 97 139 306 311 197 330 226 189 161 211 344 149 238 281 159 174
88 291 252 174 281 323 430 201 0 261 400 393 505 305 225 336 430 224 162 293 455 212 113 355 77 444 109 341 387 382 397 106 83 103 324 241 414 292 216 402 424 309 232 412 363 424 292 493 380 413 184 500 253 362 74 330 345 383 169 216 210 503 191 504 234 271 372 463 424 343 216 97 287 522 424 45 364 317 285 250 290 444 442 183 333 226 324 441 460 110 270 262 382 110 370 313 109 435 413 172 55
281 453 343 190 405 321 471 140 261 0 164 133 474 449 51 322 471 257 244 104 320 198 203 392 261 324 172 433 411 402 274 193 272 211 109 362 401 252 380 382 547 385 372 495 487 170 60 461 402 401 301 502 282 440 241 78 92 124 100 214 265 462 373 494 232 73 122 492 473 340 136 242 37 433 303 263 362 282 411 24 251 490 192 137 464 211 201 405 391 296 456 360 197 262 318 474 170 213 391 281 255
390 499 353 254 424 255 391 201 400 164 0 92 374 474 204 255 390 268 292 113 201 215 302 337 402 204 303 426 340 335 175 332 382 310 81 382 302 205 421 284 553 374 417 464 493 26 124 363 320 303 345 401 267 434 352 116 72 64 243 231 281 369 436 390 242 131 60 397 403 271 192 342 131 338 203 403 280 212 436 181 204 404 50 223 482 237 134 301 296 391 499 366 70 351 224 503 314 56 295 323 372
390 528 408 267 470 325 472 206 393 133 92 0 461 518 184 325 473 310 313 134 292 255 301 409 391 292 296 486 414 403 264 322 380 310 113 428 394 273 456 372 611 437 445 538 550 80 103 450 401 391 373 491 332 496 351 63 62 33 231 276 323 453 466 481 294 127 53 482 482 347 195 339 112 423 294 391 364 282 478 154 265 493 80 215 530 274 205 391 380 390 531 411 162 361 301 542 300 142 386 355 368
452 424 291 351 352 184 155 373 505 474 374 461 0 394 487 180 144 285 342 375 173 312 414 185 563 173 448 282 144 146 204 524 441 412 374 327 91 241 398 105 396 249 376 274 371 381 423 14 135 92 354 57 257 277 435 463 423 434 457 306 302 12 415 41 281 403 412 104 162 164 370 414 442 72 175 544 140 214 355 472 245 134 390 391 388 300 275 76 84 441 441 284 304 412 163 423 504 321 95 352 451
223 36 127 254 54 264 247 316 305 449 474 518 394 0 425 274 259 217 205 389 442 267 261 212 372 435 300 116 252 264 389 385 223 251 411 95 322 276 91 333 120 155 72 169 60 495 413 380 271 321 143 343 216 140 243 465 456 489 362 244 193 390 116 354 235 396 468 290 242 272 322 226 436 450 407 343 294 291 46 440 285 270 517 312 32 247 347 375 402 194 54 124 415 200 331 32 364 469 331 163 253
245 431 335 178 381 323 470 130 225 51 204 184 487 425 0 324 471 250 222 122 362 197 168 390 215 353 136 424 412 400 303 149 234 180 145 341 401 251 345 390 533 384 351 491 474 212 99 473 402 401 282 506 281 441 203 126 132 175 65 211 254 480 338 492 231 92 160 491 475 340 120 207 76 462 334 213 360 283 391 35 250 490 230 113 444 211 223 413 422 266 426 343 233 229 327 450 126 254 401 260 210
287 303 151 171 222 17 154 200 336 322 255 325 180 274 324 0 151 117 177 223 176 147 242 93 391 165 274 187 99 84 121 354 276 241 225 194 93 70 262 81 310 137 245 223 278 274 275 170 84 91 180 182 86 198 263 314 273 299 280 130 133 184 285 183 115 252 282 176 159 26 201 247 290 205 137 371 40 43 233 322 75 174 300 221 276 138 128 122 142 271 328 159 197 248 66 300 333 243 93 190 281
374 280 180 303 220 151 13 353 430 471 390 473 144 259 471 151 0 226 270 373 245 282 352 90 490 234 390 144 61 71 234 470 361 341 372 223 94 224 283 111 252 138 260 130 230 403 423 132 73 96 254 93 196 137 363 465 426 442 431 265 220 145 304 106 246 400 423 47 27 135 351 340 440 202 216 473 111 193 235 471 225 27 422 361 245 260 277 134 165 341 301 181 320 332 174 287 451 363 104 266 380
170 244 101 86 176 100 226 133 224 257 268 310 285 217 250 117 226 0 64 183 262 61 137 145 282 253 184 181 165 163 204 263 166 134 210 127 193 87 173 182 304 135 163 245 240 285 220 273 160 197 92 280 33 191 150 267 251 283 217 43 29 283 192 282 26 193 265 241 223 122 136 130 230 306 221 265 147 101 179 250 99 249 309 141 220 48 141 220 254 175 241 108 210 131 154 240 243 264 195 82 173
114 212 124 54 166 164 270 114 162 244 292 313 342 205 222 177 270 64 0 197 314 82 80 193 223 301 133 215 227 220 251 213 108 70 225 121 252 138 143 243 306 172 131 282 246 315 216 331 224 251 60 342 91 235 95 264 267 295 177 61 50 341 155 342 80 196 274 301 273 186 126 74 235 364 277 202 202 160 170 236 144 294 339 116 223 71 192 281 310 116 215 133 265 71 212 230 197 312 255 50 118
285 407 275 150 343 225 372 92 293 104 113 134 375 389 122 223 373 183 197 0 246 122 193 292 305 233 190 365 315 307 183 239 271 205 32 295 300 153 334 282 477 312 325 422 416 132 59 363 300 304 255 402 207 372 246 93 76 105 146 144 195 363 344 396 165 35 85 395 373 244 83 234 75 347 215 292 263 188 349 106 159 396 153 114 396 143 108 301 305 283 406 291 116 251 214 412 217 150 290 233 263
423 475 323 283 396 186 251 287 455 320 201 292 173 442 362 176 245 262 314 246 0 247 351 240 502 13 381 343 210 206 63 440 415 358 223 364 152 187 435 134 472 294 413 361 430 212 270 164 200 150 354 214 244 342 391 296 258 267 361 254 287 168 454 208 245 275 246 239 260 175 273 372 292 131 48 484 161 165 403 342 175 251 226 306 439 244 159 126 97 426 496 322 131 384 111 472 422 156 145 341 414
193 286 158 44 223 134 284 72 212 198 215 255 312 267 197 147 282 61 82 122 247 0 115 205 263 235 149 242 224 216 185 223 185 116 154 177 221 80 213 214 356 190 202 300 294 240 160 300 212 220 137 317 94 252 156 206 193 222 158 23 74 301 222 315 46 137 207 302 287 152 79 144 170 310 217 240 173 108 227 197 82 301 257 90 275 26 112 241 252 197 283 169 190 153 158 290 200 231 225 111 175
96 265 201 73 235 234 351 101 113 203 302 301 414 261 168 242 352 137 80 193 351 115 0 274 151 340 59 294 297 294 296 139 82 10 225 196 321 188 180 313 374 251 191 361 311 324 198 402 297 324 135 413 165 312 56 255 248 290 103 112 131 413 170 414 131 178 272 377 353 251 116 47 206 425 327 134 277 215 230 186 191 371 342 86 288 122 224 354 366 96 255 210 283 64 269 282 119 332 324 110 74
290 242 110 222 163 81 81 271 355 392 337 409 185 212 390 93 90 145 193 292 240 205 274 0 415 237 310 103 44 57 202 390 280 263 301 147 117 141 212 121 239 62 191 130 194 353 348 171 66 114 176 160 117 106 281 385 352 375 351 188 148 185 235 166 166 323 359 130 89 78 272 267 361 241 202 392 82 124 176 391 151 107 373 281 200 181 203 164 194 262 264 104 272 253 137 241 377 325 123 188 300
159 361 325 224 350 382 492 225 77 261 402 391 563 372 215 391 490 282 223 305 502 263 151 415 0 491 125 411 447 440 446 74 160 159 326 311 473 330 286 462 492 370 304 480 432 423 292 551 442 471 251 561 310 433 134 331 342 384 162 263 270 560 260 562 282 274 374 523 491 402 236 156 284 573 477 38 425 360 354 241 340 511 440 204 401 271 356 502 511 186 342 336 401 177 411 382 91 443 473 230 127
411 461 310 270 382 175 245 271 444 324 204 292 173 435 353 165 234 253 301 233 13 235 340 237 491 0 372 336 206 193 50 434 406 344 221 352 144 172 425 123 464 281 400 356 421 214 271 163 189 143 343 213 232 337 386 296 252 265 356 243 275 170 444 204 234 267 249 235 252 164 264 363 292 131 35 470 155 152 393 335 162 250 223 297 421 238 146 117 93 410 482 316 134 372 105 460 412 151 134 333 401
111 307 251 105 283 269 390 108 109 172 303 296 448 300 136 274 390 184 133 190 381 149 59 310 125 372 0 340 349 341 327 87 101 69 222 241 358 219 225 348 420 301 236 411 360 322 196 439 342 359 190 452 211 360 73 233 244 280 72 149 170 444 212 451 168 178 275 425 395 284 111 85 188 453 356 110 310 248 286 150 227 414 344 84 331 156 234 388 399 139 290 264 285 106 300 327 67 336 357 162 87
276 143 97 258 90 178 131 304 341 433 426 486 282 116 424 187 144 181 215 365 343 242 294 103 411 336 340 0 142 158 302 421 263 285 386 100 210 225 158 224 137 55 132 79 91 444 391 273 161 211 161 233 169 25 283 443 432 457 380 222 171 283 173 241 207 375 434 185 136 175 313 262 411 341 305 384 185 219 96 427 221 160 464 312 102 222 291 265 291 240 164 84 365 248 240 140 402 414 220 181 291
334 284 150 246 206 90 61 292 387 411 340 414 144 252 412 99 61 165 227 315 210 224 297 44 447 206 349 142 0 20 181 423 322 297 312 184 72 166 256 83 263 105 232 151 233 355 362 133 29 70 210 126 140 134 315 404 368 384 370 204 184 141 271 122 185 342 364 88 69 75 292 295 382 201 180 429 62 132 211 410 165 85 373 300 244 203 215 126 150 302 305 140 270 291 123 282 400 314 81 223 332
334 291 157 242 210 85 76 286 382 402 335 403 146 264 400 84 71 163 220 307 206 216 294 57 440 193 341 158 20 0 173 422 320 290 301 190 62 154 264 78 271 117 241 163 247 341 353 136 11 61 230 128 130 149 315 391 355 376 364 201 181 145 284 122 182 337 356 98 79 64 282 291 373 197 170 421 57 123 230 404 154 90 363 291 254 191 208 117 144 317 312 154 261 291 112 290 404 303 71 229 333
361 412 270 223 337 130 236 221 397 274 175 264 204 389 303 121 234 204 251 183 63 185 296 202 446 50 327 302 181 173 0 388 356 297 172 304 144 126 375 123 429 250 354 329 392 184 221 195 164 145 296 237 183 297 336 262 226 233 306 193 225 198 394 228 184 217 213 233 242 127 219 313 244 164 38 423 129 108 343 289 116 244 206 246 391 188 99 133 127 360 433 266 105 322 65 411 365 134 134 283 354
163 375 333 183 364 344 471 170 106 193 332 322 524 385 149 354 470 263 213 239 440 223 139 390 74 434 87 421 423 422 388 0 164 147 254 324 436 296 293 424 504 385 313 494 444 352 224 514 421 435 267 529 292 440 141 260 272 312 94 227 250 522 274 529 246 206 307 504 471 360 178 162 210 533 415 84 386 324 365 173 303 494 375 145 414 237 290 464 471 191 357 343 344 188 377 393 23 375 433 247 134
20 212 181 141 201 263 358 184 83 272 382 380 441 223 234 276 361 166 108 271 415 185 82 280 160 406 101 263 322 320 356 164 0 72 303 163 357 233 137 342 343 238 155 337 283 403 277 432 326 355 112 440 190 284 31 331 327 369 173 166 151 440 111 442 172 253 352 402 353 288 195 45 282 462 374 125 307 260 205 251 248 372 423 165 255 175 295 387 413 38 194 190 362 40 319 237 155 413 353 102 34
88 255 194 74 221 234 340 111 103 211 310 310 412 251 180 241 341 134 70 205 358 116 10 263 159 344 69 285 297 290 297 147 72 0 231 181 322 193 172 314 366 241 185 351 302 334 207 400 294 320 125 412 161 302 46 262 257 301 113 116 120 411 164 412 136 188 282 371 343 254 127 39 212 426 325 136 272 217 220 196 192 361 351 95 275 126 228 351 368 88 249 203 291 54 273 274 127 342 327 100 67
313 432 309 173 374 222 372 124 324 109 81 113 374 411 145 225 372 210 225 32 223 154 225 301 326 221 222 386 312 301 172 254 303 231 0 328 301 165 364 285 504 332 350 431 440 103 59 360 305 303 285 405 228 393 275 90 54 80 165 174 225 366 377 391 188 53 62 395 374 243 111 261 72 332 207 324 264 185 380 122 167 391 121 142 426 175 104 300 294 311 436 304 94 283 215 443 236 128 297 264 294
178 129 44 172 55 187 210 235 241 362 382 428 327 95 341 194 223 127 121 295 364 177 196 147 311 352 241 100 184 190 304 324 163 181 328 0 244 181 74 257 192 92 51 178 136 403 329 313 201 242 61 302 121 121 183 378 370 393 290 158 109 325 94 306 143 308 378 260 211 193 241 166 347 373 321 283 214 202 55 352 190 230 422 230 108 152 252 290 321 150 139 50 322 148 253 121 306 375 254 81 197
362 353 210 257 273 93 103 280 414 401 302 394 91 322 401 93 94 193 252 300 152 221 321 117 473 144 358 210 72 62 144 436 357 322 301 244 0 150 313 21 333 176 296 217 301 313 352 82 51 2 264 106 166 201 346 391 353 364 360 215 211 98 336 98 190 332 343 94 112 77 281 326 370 131 120 454 53 124 283 407 157 104 331 301 312 214 202 58 81 350 372 206 232 322 92 350 414 275 10 266 363
243 307 157 119 225 77 222 130 292 252 205 273 241 276 251 70 224 87 138 153 187 80 188 141 330 172 219 225 166 154 126 296 233 193 165 181 150 0 252 143 357 170 231 271 297 221 206 232 154 152 170 252 70 230 220 244 211 243 210 83 103 235 273 247 61 182 223 242 228 91 131 210 220 245 147 319 110 35 233 256 10 243 244 151 288 80 71 176 181 246 311 163 145 207 81 302 273 197 154 164 242
136 85 118 193 75 258 271 257 216 380 421 456 398 91 345 262 283 173 143 334 435 213 180 212 286 425 225 158 256 264 375 293 137 172 364 74 313 252 0 321 211 152 27 216 151 448 354 383 277 311 90 372 195 174 152 407 405 434 280 190 154 393 27 374 191 330 412 322 275 267 265 143 370 441 390 252 288 274 78 366 264 292 473 255 123 200 314 364 396 109 88 118 380 126 327 102 275 433 325 108 163
356 363 211 248 281 82 124 270 402 382 284 372 105 333 390 81 111 182 243 282 134 214 313 121 462 123 348 224 83 78 123 424 342 314 285 257 21 143 321 0 344 183 305 232 312 300 331 91 67 22 253 123 153 215 335 371 331 343 351 204 200 101 340 114 185 312 321 114 132 64 273 313 351 128 107 443 41 120 290 385 141 123 314 291 321 201 181 45 75 345 380 210 218 315 71 361 402 257 11 250 352
340 131 204 364 145 302 247 412 424 547 553 611 396 120 533 310 252 304 306 477 472 356 374 239 492 464 420 137 263 271 429 504 343 366 504 192 333 357 211 344 0 188 192 122 64 572 505 384 282 333 246 342 297 139 365 557 548 578 477 333 285 393 232 356 324 483 555 295 233 309 424 342 523 454 436 461 311 341 146 536 357 262 592 420 91 336 423 384 413 313 152 205 495 320 364 110 480 541 340 266 372
245 180 57 216 101 130 125 262 309 385 374 437 249 155 384 137 138 135 172 312 294 190 251 62 370 281 301 55 105 117 250 385 238 241 332 92 176 170 152 183 188 0 132 110 146 390 347 233 128 175 129 222 114 66 249 394 381 406 343 174 135 241 173 226 153 324 386 177 125 123 268 227 360 300 257 351 144 166 114 385 175 147 414 276 140 180 240 227 255 218 201 51 315 209 187 182 366 366 185 144 257
155 85 94 182 60 232 251 244 232 372 417 445 376 72 351 245 260 163 131 325 413 202 191 191 304 400 236 132 232 241 354 313 155 185 350 51 296 231 27 305 192 132 0 196 132 436 343 362 251 293 71 351 172 153 179 390 391 421 290 183 142 372 44 351 183 323 401 306 257 244 250 155 360 424 375 271 264 256 54 362 240 279 459 240 104 192 301 341 371 122 89 99 371 135 304 104 292 425 304 91 181
346 190 160 326 141 211 126 372 412 495 464 538 274 169 491 223 130 245 282 422 361 300 361 130 480 356 411 79 151 163 329 494 337 351 431 178 217 271 216 232 122 110 196 0 110 480 457 262 174 215 234 220 223 58 352 510 484 502 453 282 245 273 231 232 263 432 486 173 111 206 376 332 470 332 331 457 212 256 150 498 284 144 506 385 140 285 330 262 295 316 204 159 401 312 264 178 474 455 221 254 360
281 81 140 300 87 266 222 353 363 487 493 550 371 60 474 278 230 240 246 416 430 294 311 194 432 421 360 91 233 247 392 444 283 302 440 136 301 297 151 312 64 146 132 110 0 520 447 362 252 300 186 321 233 103 305 499 487 516 414 273 227 371 173 332 261 423 495 275 213 266 360 286 463 431 393 403 279 305 82 477 301 242 539 361 37 272 360 353 381 253 102 146 434 260 327 73 427 482 311 208 312
415 517 370 271 441 274 400 223 424 170 26 80 381 495 212 274 403 285 315 132 212 240 324 353 423 214 322 444 355 341 184 352 403 334 103 403 313 221 448 300 572 390 436 480 520 0 137 373 330 311 365 415 283 452 377 116 82 68 262 257 303 373 461 403 261 155 54 402 410 284 214 362 142 343 217 423 296 231 452 192 220 415 24 244 502 255 150 311 306 411 520 384 90 374 234 523 332 63 306 350 392
285 428 310 166 376 279 423 103 292 60 124 103 423 413 99 275 423 220 216 59 270 160 198 348 292 271 196 391 362 353 221 224 277 207 59 329 352 206 354 331 505 347 343 457 447 137 0 415 357 353 276 454 240 407 246 58 56 95 130 174 220 419 365 440 194 24 83 446 428 293 97 236 25 385 254 293 315 239 376 72 205 443 154 112 430 178 155 354 346 284 430 317 150 257 266 445 201 180 342 257 265
440 412 277 338 336 173 142 361 493 461 363 450 14 380 473 170 132 273 331 363 164 300 402 171 551 163 439 273 133 136 195 514 432 400 360 313 82 232 383 91 384 233 362 262 362 373 415 0 125 80 343 50 244 266 425 450 412 420 442 295 291 17 404 47 271 394 401 92 159 155 360 404 432 70 161 532 130 203 344 463 232 122 382 380 371 290 265 62 70 432 433 273 294 400 153 412 491 311 84 341 441
330 302 165 241 221 84 72 284 380 402 320 401 135 271 402 84 73 160 224 300 200 212 297 66 442 189 342 161 29 11 164 421 326 294 305 201 51 154 277 67 282 128 251 174 252 330 357 125 0 50 226 120 136 155 310 393 356 370 362 203 187 134 295 129 186 335 350 96 87 69 286 290 372 182 170 425 48 120 232 403 153 97 353 294 261 200 205 106 132 315 324 164 250 291 101 300 402 292 60 240 337
360 354 210 259 274 95 105 284 413 401 303 391 92 321 401 91 96 197 251 304 150 220 324 114 471 143 359 211 70 61 145 435 355 320 303 242 2 152 311 22 333 175 293 215 300 311 353 80 50 0 266 104 168 203 345 390 350 362 369 217 213 97 334 97 192 330 340 92 110 75 281 325 370 133 121 452 51 126 281 407 159 106 332 306 311 211 203 56 83 352 374 204 233 320 90 350 412 273 12 263 361
130 152 74 114 110 185 246 174 184 301 345 373 354 143 282 180 254 92 60 255 354 137 135 176 251 343 190 161 210 230 296 267 112 125 285 61 264 170 90 253 246 129 71 234 186 365 276 343 226 266 0 334 120 182 126 320 320 353 237 114 74 351 106 332 112 252 333 293 241 199 180 105 292 374 311 222 218 191 110 291 180 260 388 175 163 124 233 292 322 99 155 87 302 89 246 177 247 354 260 29 139
450 373 260 351 313 185 104 385 500 502 401 491 57 343 506 182 93 280 342 402 214 317 413 160 561 213 452 233 126 128 237 529 440 412 405 302 106 252 372 123 342 222 351 220 321 415 454 50 120 104 334 0 251 220 433 490 450 462 463 307 302 62 390 19 284 432 440 53 116 169 384 412 471 120 202 542 144 220 324 503 253 84 423 395 331 301 301 110 120 421 394 264 331 410 190 371 506 358 112 348 450
203 244 93 118 168 73 195 162 253 282 267 332 257 216 281 86 196 33 91 207 244 94 165 117 310 232 211 169 140 130 183 292 190 161 228 121 166 70 195 153 297 114 172 223 233 283 240 244 136 168 120 251 0 176 183 295 270 304 244 72 51 250 213 252 59 221 287 220 190 96 161 161 261 280 200 291 117 81 170 283 79 216 305 172 221 71 133 193 227 200 255 106 201 162 140 242 276 257 164 108 205
296 161 113 277 100 186 124 322 362 440 434 496 277 140 441 198 137 191 235 372 342 252 312 106 433 337 360 25 134 149 297 440 284 302 393 121 201 230 174 215 139 66 153 58 103 452 407 266 155 203 182 220 176 0 304 461 441 467 401 234 190 271 190 236 217 383 447 176 120 178 327 287 421 331 308 404 184 227 118 441 239 144 474 331 111 239 301 250 281 262 182 107 375 265 232 154 423 421 210 202 311
43 236 192 118 227 250 362 154 74 241 352 351 435 243 203 263 363 150 95 246 391 156 56 281 134 386 73 283 315 315 336 141 31 46 275 183 346 220 152 335 365 249 179 352 305 377 246 425 310 345 126 433 183 304 0 302 298 334 143 148 143 436 142 432 168 222 323 391 362 272 166 25 256 457 360 115 297 251 228 223 227 380 395 136 277 155 268 373 401 67 225 205 336 48 301 254 124 386 348 108 23
341 481 358 212 430 312 460 155 330 78 116 63 463 465 126 314 465 267 264 93 296 206 255 385 331 296 233 443 404 391 262 260 331 262 90 378 391 244 407 371 557 394 390 510 499 116 58 450 393 390 320 490 295 461 302 0 44 60 175 229 272 454 411 481 241 80 62 481 461 330 140 291 50 422 297 331 354 273 428 93 240 481 121 169 482 226 194 390 384 340 481 369 168 313 300 494 243 161 383 300 316
337 472 350 215 416 276 420 154 345 92 72 62 423 456 132 273 426 251 267 76 258 193 248 352 342 252 244 432 368 355 226 272 327 257 54 370 353 211 405 331 548 381 391 484 487 82 56 412 356 350 320 450 270 441 298 44 0 45 180 216 263 414 415 444 237 80 38 446 425 296 146 286 65 383 258 343 313 236 419 112 217 440 106 162 471 218 157 354 342 340 475 358 130 309 260 483 251 127 344 304 314
373 506 373 240 446 297 443 191 383 124 64 33 434 489 175 299 442 283 295 105 267 222 290 375 384 265 280 457 384 376 233 312 369 301 80 393 364 243 434 343 578 406 421 502 516 68 95 420 370 362 353 462 304 467 334 60 45 0 224 242 297 420 444 452 262 112 20 454 447 315 185 324 102 394 260 383 331 256 447 148 233 462 71 207 500 241 172 361 350 372 502 384 134 345 270 512 293 119 358 330 353
182 365 295 133 332 282 431 86 169 100 243 231 457 362 65 280 431 217 177 146 361 158 103 351 162 356 72 380 370 364 306 94 173 113 165 290 360 210 280 351 477 343 290 453 414 262 130 442 362 369 237 463 244 401 143 175 180 224 0 174 218 445 273 455 199 119 213 452 435 301 96 142 125 455 335 163 322 243 337 90 220 450 281 79 390 173 210 386 391 199 358 302 251 164 291 382 71 290 362 211 155
176 266 137 47 200 122 263 90 216 214 231 276 306 244 211 130 265 43 61 144 254 23 112 188 263 243 149 222 204 201 193 227 166 116 174 158 215 83 190 204 333 174 183 282 273 257 174 295 203 217 114 307 72 234 148 229 216 242 174 0 51 303 205 309 26 150 222 284 262 142 100 133 190 320 220 243 168 111 207 216 83 280 280 108 252 10 131 242 264 175 264 148 203 132 164 276 204 251 215 92 161
165 225 90 87 159 124 229 138 210 265 281 323 302 193 254 133 220 29 50 195 287 74 131 148 270 275 170 171 184 181 225 250 151 120 225 109 211 103 154 200 285 135 142 245 227 303 220 291 187 213 74 302 51 190 143 272 263 297 218 51 0 301 178 306 42 201 273 266 225 146 148 124 241 325 244 252 167 128 156 256 117 244 326 141 210 57 167 245 270 154 226 97 232 121 180 225 236 284 210 69 164
457 421 284 343 342 183 153 366 503 462 369 453 12 390 480 184 145 283 341 363 168 301 413 185 560 170 444 283 141 145 198 522 440 411 366 325 98 235 393 101 393 241 372 273 371 373 419 17 134 97 351 62 250 271 436 454 414 420 445 303 301 0 412 53 286 394 400 104 162 165 367 411 433 60 165 541 142 202 352 464 235 131 386 380 381 302 263 68 78 443 444 281 298 415 154 421 501 314 92 351 453
111 101 134 205 90 276 295 263 191 373 436 466 415 116 338 285 304 192 155 344 454 222 170 235 260 444 212 173 271 284 394 274 111 164 377 94 336 273 27 340 232 173 44 231 173 461 365 404 295 334 106 390 213 190 142 411 415 444 273 205 178 412 0 393 218 344 425 342 298 284 271 134 373 464 413 236 304 293 94 353 283 313 479 253 148 210 330 381 412 90 85 140 402 116 346 126 260 450 343 115 141
452 384 263 350 326 190 119 376 504 494 390 481 41 354 492 183 106 282 342 396 208 315 414 166 562 204 451 241 122 122 228 529 442 412 391 306 98 247 374 114 356 226 351 232 332 403 440 47 129 97 332 19 252 236 432 481 444 452 455 309 306 53 393 0 283 427 431 64 121 170 376 410 461 114 191 544 148 212 330 490 245 97 415 392 343 308 295 99 111 420 405 262 322 412 184 381 509 344 106 345 454
182 260 127 67 195 103 246 116 234 232 242 294 281 235 231 115 246 26 80 165 245 46 131 166 282 234 168 207 185 182 184 246 172 136 188 143 190 61 191 185 324 153 183 263 261 261 194 271 186 192 112 284 59 217 168 241 237 262 199 26 42 286 218 283 0 176 245 267 250 126 118 149 216 305 202 265 147 90 198 238 71 264 284 125 241 30 125 223 242 185 267 128 190 146 142 262 227 242 198 104 184
261 404 287 145 350 255 401 82 271 73 131 127 403 396 92 252 400 193 196 35 275 137 178 323 274 267 178 375 342 337 217 206 253 188 53 308 332 182 330 312 483 324 323 432 423 155 24 394 335 330 252 432 221 383 222 80 80 112 119 150 201 394 344 427 176 0 101 422 404 271 73 212 40 370 243 274 293 214 359 77 181 422 174 100 402 157 131 332 337 260 407 299 144 233 249 426 188 178 324 233 241
362 485 358 220 422 281 422 171 372 122 60 53 412 468 160 282 423 265 274 85 246 207 272 359 374 249 275 434 364 356 213 307 352 282 62 378 343 223 412 321 555 386 401 486 495 54 83 401 350 340 333 440 287 447 323 62 38 20 213 222 273 400 425 431 245 101 0 436 431 295 167 313 100 376 240 372 314 239 431 146 213 442 73 195 474 226 156 343 334 361 482 366 115 331 250 498 284 100 335 310 342
411 326 225 327 267 173 58 370 463 492 397 482 104 290 491 176 47 241 301 395 239 302 377 130 523 235 425 185 88 98 233 504 402 371 395 260 94 242 322 114 295 177 306 173 275 402 446 92 96 92 293 53 220 176 391 481 446 454 452 284 266 104 342 64 267 422 436 0 67 156 373 371 462 162 212 503 136 216 273 491 241 33 421 382 287 287 298 120 147 382 341 223 325 372 182 321 484 363 105 310 419
363 277 172 305 220 155 19 357 424 473 403 482 162 242 475 159 27 223 273 373 260 287 353 89 491 252 395 136 69 79 242 471 353 343 374 211 112 228 275 132 233 125 257 111 213 410 428 159 87 110 241 116 190 120 362 461 425 447 435 262 225 162 298 121 250 404 431 67 0 137 351 342 444 222 231 463 124 198 214 475 225 37 434 364 226 261 275 151 182 333 290 172 337 324 184 261 451 375 125 261 372
292 302 150 187 224 23 133 221 343 340 271 347 164 272 340 26 135 122 186 244 175 152 251 78 402 164 284 175 75 64 127 360 288 254 243 193 77 91 267 64 309 123 244 206 266 284 293 155 69 75 199 169 96 178 272 330 296 315 301 142 146 165 284 170 126 271 295 156 137 0 222 252 311 184 140 380 26 65 233 340 90 154 308 233 263 143 147 104 132 281 323 153 206 253 65 300 344 256 73 192 295
202 332 220 72 281 205 350 15 216 136 192 195 370 322 120 201 351 136 126 83 273 79 116 272 236 264 111 313 292 282 219 178 195 127 111 241 281 131 265 273 424 268 250 376 360 214 97 360 286 281 180 384 161 327 166 140 146 185 96 100 148 367 271 376 118 73 167 373 351 222 0 151 113 371 246 216 240 165 290 130 132 372 232 33 343 91 129 300 312 206 332 233 174 176 212 355 159 230 282 160 186
59 224 178 107 202 230 344 142 97 242 342 339 414 226 207 247 340 130 74 234 372 144 47 267 156 363 85 262 295 291 313 162 45 39 261 166 326 210 143 313 342 227 155 332 286 362 236 404 290 325 105 412 161 287 25 291 286 324 142 133 124 411 134 410 149 212 313 371 342 252 151 0 244 432 342 136 276 231 206 227 215 362 382 124 256 130 251 353 384 57 219 181 323 26 284 245 142 375 324 90 47
295 443 327 185 390 294 443 121 287 37 131 112 442 436 76 290 440 230 235 75 292 170 206 361 284 292 188 411 382 373 244 210 282 212 72 347 370 220 370 351 523 360 360 470 463 142 25 432 372 370 292 471 261 421 256 50 65 102 125 190 241 433 373 461 216 40 100 462 444 311 113 244 0 403 279 281 336 253 397 50 221 462 165 120 442 196 170 372 366 296 444 338 161 266 286 460 196 187 364 272 267
475 480 330 354 401 203 212 373 522 433 338 423 72 450 462 205 202 306 364 347 131 310 425 241 573 131 453 341 201 197 164 533 462 426 332 373 131 245 441 128 454 300 424 332 431 343 385 70 182 133 374 120 280 331 457 422 383 394 455 320 325 60 464 114 305 370 376 162 222 184 371 432 403 0 137 550 165 215 412 447 243 191 353 393 440 313 254 83 69 465 500 330 262 432 169 480 510 282 129 375 470
384 430 285 260 354 147 223 252 424 303 203 294 175 407 334 137 216 221 277 215 48 217 327 202 477 35 356 305 180 170 38 415 374 325 207 321 120 147 390 107 436 257 375 331 393 217 254 161 170 121 311 202 200 308 360 297 258 260 335 220 244 165 413 191 202 243 240 212 231 140 246 342 279 137 0 454 125 120 365 310 137 222 224 276 395 220 125 103 94 386 450 283 133 341 78 434 396 156 110 302 380
130 333 296 200 326 361 468 202 45 263 403 391 544 343 213 371 473 265 202 292 484 240 134 392 38 470 110 384 429 421 423 84 125 136 324 283 454 319 252 443 461 351 271 457 403 423 293 532 425 452 222 542 291 404 115 331 343 383 163 243 252 541 236 544 265 274 372 503 463 380 216 136 281 550 454 0 404 343 321 243 321 482 443 188 376 253 338 481 492 155 313 307 380 149 398 351 93 433 453 210 98
317 322 170 211 243 47 118 245 364 362 280 364 140 294 360 40 111 147 202 263 161 173 277 82 425 155 310 185 62 57 129 386 307 272 264 214 53 110 288 41 311 144 264 212 279 296 315 130 48 51 218 144 117 184 297 354 313 331 322 168 167 142 304 148 147 293 314 136 124 26 240 276 336 165 125 404 0 83 253 360 115 134 311 257 282 160 169 82 113 307 342 172 220 273 67 320 368 256 52 212 311
271 310 167 143 237 43 190 165 317 282 212 282 214 291 283 43 193 101 160 188 165 108 215 124 360 152 248 219 132 123 108 324 260 217 185 202 124 35 274 120 341 166 256 256 305 231 239 203 120 126 191 220 81 227 251 273 236 256 243 111 128 202 293 212 90 214 239 216 198 65 165 231 253 215 120 343 83 0 249 283 33 213 255 180 295 105 85 145 153 273 330 174 159 231 60 317 302 200 121 182 270
205 74 83 222 20 228 222 282 285 411 436 478 355 46 391 233 235 179 170 349 403 227 230 176 354 393 286 96 211 230 343 365 205 220 380 55 283 233 78 290 146 114 54 150 82 452 376 344 232 281 110 324 170 118 228 428 419 447 337 207 156 352 94 330 198 359 431 273 214 233 290 206 397 412 365 321 253 249 0 401 243 243 475 284 55 206 303 330 361 176 95 82 371 180 292 78 346 425 292 131 235
260 443 339 182 391 320 470 126 250 24 181 154 472 440 35 322 471 250 236 106 342 197 186 391 241 335 150 427 410 404 289 173 251 196 122 352 407 256 366 385 536 385 362 498 477 192 72 463 403 407 291 503 283 441 223 93 112 148 90 216 256 464 353 490 238 77 146 491 475 340 130 227 50 447 310 243 360 283 401 0 250 491 214 122 454 219 204 401 401 272 438 351 211 243 319 463 150 236 396 271 237
251 313 161 126 235 76 220 140 290 251 204 265 245 285 250 75 225 99 144 159 175 82 191 151 340 162 227 221 165 154 116 303 248 192 167 190 157 10 264 141 357 175 240 284 301 220 205 232 153 159 180 253 79 239 227 240 217 233 220 83 117 235 283 245 71 181 213 241 225 90 132 215 221 243 137 321 115 33 243 250 0 241 247 160 298 85 70 178 182 256 321 173 147 212 82 311 282 193 152 174 243
382 294 192 326 238 175 30 370 444 490 404 493 134 270 490 174 27 249 294 396 251 301 371 107 511 250 414 160 85 90 244 494 372 361 391 230 104 243 292 123 262 147 279 144 242 415 443 122 97 106 260 84 216 144 380 481 440 462 450 280 244 131 313 97 264 422 442 33 37 154 372 362 462 191 222 482 134 213 243 491 241 0 433 381 255 281 293 146 175 353 313 198 334 344 192 293 473 373 112 289 392
434 540 397 293 465 292 424 241 442 192 50 80 390 517 230 300 422 309 339 153 226 257 342 373 440 223 344 464 373 363 206 375 423 351 121 422 331 244 473 314 592 414 459 506 539 24 154 382 353 332 388 423 305 474 395 121 106 71 281 280 326 386 479 415 284 174 73 421 434 308 232 382 165 353 224 443 311 255 475 214 247 433 0 263 525 276 174 320 315 431 541 407 108 392 256 543 352 72 321 368 415
175 323 229 68 274 210 360 25 183 137 223 215 391 312 113 221 361 141 116 114 306 90 86 281 204 297 84 312 300 291 246 145 165 95 142 230 301 151 255 291 420 276 240 385 361 244 112 380 294 306 175 395 172 331 136 169 162 207 79 108 141 380 253 392 125 100 195 382 364 233 33 124 120 393 276 188 257 180 284 122 160 381 263 0 333 101 154 320 332 180 325 230 201 147 232 341 130 252 301 153 159
251 51 137 275 67 267 233 332 333 464 482 530 388 32 444 276 245 220 223 396 439 275 288 200 401 421 331 102 244 254 391 414 255 275 426 108 312 288 123 321 91 140 104 140 37 502 430 371 261 311 163 331 221 111 277 482 471 500 390 252 210 381 148 343 241 402 474 287 226 263 343 256 442 440 395 376 282 295 55 454 298 255 525 333 0 260 354 361 390 225 72 130 422 232 327 48 391 479 321 184 281
185 277 132 54 207 128 262 97 226 211 237 274 300 247 211 138 260 48 71 143 244 26 122 181 271 238 156 222 203 191 188 237 175 126 175 152 214 80 200 201 336 180 192 285 272 255 178 290 200 211 124 301 71 239 155 226 218 241 173 10 57 302 210 308 30 157 226 287 261 143 91 130 196 313 220 253 160 105 206 219 85 281 276 101 260 0 121 242 258 185 270 145 193 142 158 273 214 248 212 101 171
305 372 220 156 295 125 275 139 324 201 134 205 275 347 223 128 277 141 192 108 159 112 224 203 356 146 234 291 215 208 99 290 295 228 104 252 202 71 314 181 423 240 301 330 360 150 155 265 205 203 233 301 133 301 268 194 157 172 210 131 167 263 330 295 125 131 156 298 275 147 129 251 170 254 125 338 169 85 303 204 70 293 174 154 354 121 0 204 210 303 382 233 80 263 118 370 271 129 192 222 286
393 404 252 285 322 120 142 306 441 405 301 391 76 375 413 122 134 220 281 301 126 241 354 164 502 117 388 265 126 117 133 464 387 351 300 290 58 176 364 45 384 227 341 262 353 311 354 62 106 56 292 110 193 250 373 390 354 361 386 242 245 68 381 99 223 332 343 120 151 104 300 353 372 83 103 481 82 145 330 401 178 146 320 320 361 242 204 0 31 385 421 251 236 352 100 402 441 254 50 292 393
423 433 282 294 351 151 173 311 460 391 296 380 84 402 422 142 165 254 310 305 97 252 366 194 511 93 399 291 150 144 127 471 413 368 294 321 81 181 396 75 413 255 371 295 381 306 346 70 132 83 322 120 227 281 401 384 342 350 391 264 270 78 412 111 242 337 334 147 182 132 312 384 366 69 94 492 113 153 361 401 182 175 315 332 390 258 210 31 0 413 453 282 226 381 104 433 450 243 74 323 423
36 185 161 158 178 269 340 197 110 296 391 390 441 194 266 271 341 175 116 283 426 197 96 262 186 410 139 240 302 317 360 191 38 88 311 150 350 246 109 345 313 218 122 316 253 411 284 432 315 352 99 421 200 262 67 340 340 372 199 175 154 443 90 420 185 260 361 382 333 281 206 57 296 465 386 155 307 273 176 272 256 353 431 180 225 185 303 385 413 0 170 174 375 45 327 203 189 425 354 100 67
196 21 173 263 107 311 294 330 270 456 499 531 441 54 426 328 301 241 215 406 496 283 255 264 342 482 290 164 305 312 433 357 194 249 436 139 372 311 88 380 152 201 89 204 102 520 430 433 324 374 155 394 255 182 225 481 475 502 358 264 226 444 85 405 267 407 482 341 290 323 332 219 444 500 450 313 342 330 95 438 321 313 541 325 72 270 382 421 453 170 0 170 451 199 381 46 345 505 382 172 226
207 153 13 177 71 149 176 226 262 360 366 411 284 124 343 159 181 108 133 291 322 169 210 104 336 316 264 84 140 154 266 343 190 203 304 50 206 163 118 210 205 51 99 159 146 384 317 273 164 204 87 264 106 107 205 369 358 384 302 148 97 281 140 262 128 299 366 223 172 153 233 181 338 330 283 307 172 174 82 351 173 198 407 230 130 145 233 251 282 174 170 0 307 165 211 151 322 355 215 107 211
372 446 294 225 361 195 322 189 382 197 70 162 304 415 233 197 320 210 265 116 131 190 283 272 401 134 285 365 270 261 105 344 362 291 94 322 232 145 380 218 495 315 371 401 434 90 150 294 250 233 302 331 201 375 336 168 130 134 251 203 232 298 402 322 190 144 115 325 337 206 174 323 161 262 133 380 220 159 371 211 147 334 108 201 422 193 80 236 226 375 451 307 0 331 154 443 321 56 226 292 352
43 201 152 119 184 231 331 161 110 262 351 361 412 200 229 248 332 131 71 251 384 153 64 253 177 372 106 248 291 291 322 188 40 54 283 148 322 207 126 315 320 209 135 312 260 374 257 400 291 320 89 410 162 265 48 313 309 345 164 132 121 415 116 412 146 233 331 372 324 253 176 26 266 432 341 149 273 231 180 243 212 344 392 147 232 142 263 352 381 45 199 165 331 0 283 221 168 386 326 77 60
324 364 215 200 282 80 173 211 370 318 224 301 163 331 327 66 174 154 212 214 111 158 269 137 411 105 300 240 123 112 65 377 319 273 215 253 92 81 327 71 364 187 304 264 327 234 266 153 101 90 246 190 140 232 301 300 260 270 291 164 180 154 346 184 142 249 250 182 184 65 212 284 286 169 78 398 67 60 292 319 82 192 256 232 327 158 118 100 104 327 381 211 154 283 0 362 354 191 82 233 323
230 25 150 284 86 291 271 344 313 474 503 542 423 32 450 300 287 240 230 412 472 290 282 241 382 460 327 140 282 290 411 393 237 274 443 121 350 302 102 361 110 182 104 178 73 523 445 412 300 350 177 371 242 154 254 494 483 512 382 276 225 421 126 381 262 426 498 321 261 300 355 245 460 480 434 351 320 317 78 463 311 293 543 341 48 273 370 402 433 203 46 151 443 221 362 0 370 492 360 195 265
152 359 316 162 341 321 452 149 109 170 314 300 504 364 126 333 451 243 197 217 422 200 119 377 91 412 67 402 400 404 365 23 155 127 236 306 414 273 275 402 480 366 292 474 427 332 201 491 402 412 247 506 276 423 124 243 251 293 71 204 236 501 260 509 227 188 284 484 451 344 159 142 196 510 396 93 368 302 346 150 282 473 352 130 391 214 271 441 450 189 345 322 321 168 354 370 0 352 413 225 129
423 494 342 272 417 243 360 238 435 213 56 142 321 469 254 243 363 264 312 150 156 231 332 325 443 151 336 414 314 303 134 375 413 342 128 375 275 197 433 257 541 366 425 455 482 63 180 311 292 273 354 358 257 421 386 161 127 119 290 251 284 314 450 344 242 178 100 363 375 256 230 375 187 282 156 433 256 200 425 236 193 373 72 252 479 248 129 254 243 425 505 355 56 386 191 492 352 0 266 342 403
368 362 210 260 281 93 113 281 413 391 295 386 95 331 401 93 104 195 255 290 145 225 324 123 473 134 357 220 81 71 134 433 353 327 297 254 10 154 325 11 340 185 304 221 311 306 342 84 60 12 260 112 164 210 348 383 344 358 362 215 210 92 343 106 198 324 335 105 125 73 282 324 364 129 110 453 52 121 292 396 152 112 321 301 321 212 192 50 74 354 382 215 226 326 82 360 413 266 0 261 364
114 176 100 91 121 176 266 159 172 281 323 355 352 163 260 190 266 82 50 233 341 111 110 188 230 333 162 181 223 229 283 247 102 100 264 81 266 164 108 250 266 144 91 254 208 350 257 341 240 263 29 348 108 202 108 300 304 330 211 92 69 351 115 345 104 233 310 310 261 192 160 90 272 375 302 210 212 182 131 271 174 289 368 153 184 101 222 292 323 100 172 107 292 77 233 195 225 342 261 0 128
35 242 200 131 231 276 379 174 55 255 372 368 451 253 210 281 380 173 118 263 414 175 74 300 127 401 87 291 332 333 354 134 34 67 294 197 363 242 163 352 372 257 181 360 312 392 265 441 337 361 139 450 205 311 23 316 314 353 155 161 164 453 141 454 184 241 342 419 372 295 186 47 267 470 380 98 311 270 235 237 243 392 415 159 281 171 286 393 423 67 226 211 352 60 323 265 129 403 364 128 0
0 10410
6242 7526
5690 7059
9 1037
6610 7864
1241 2385
2234 3512
803 1975
5032 6242
560 1681
2950 4270
3313 4520
1794 3017
6353 7621
508 1698
1265 2528
7368 8599
0 1170
0 830
737 2009
2644 3990
7 939
770 2214
1295 2666
4992 6166
3901 5196
192 1478
7222 8372
1355 2735
5872 7230
2520 3769
4861 6102
29 1436
109 1519
4287 5504
6663 8000
2334 3655
1196 2397
6400 7690
1530 2907
7555 8841
5960 7450
6516 7777
8592 9878
6987 8308
2903 4176
640 1830
1827 2997
1399 2719
1452 2918
6758 8021
2150 3386
0 1150
6123 7399
204 1494
3299 4570
3203 4395
3077 4541
271 1634
0 1160
0 860
1781 3150
6492 7854
1749 3166
1 1066
562 1863
3082 4403
2262 3579
2097 3557
1177 2522
4531 5886
82 1418
620 1789
1872 3263
2449 3870
5003 6278
1210 2471
1128 2377
6776 8114
4623 5973
3744 4983
2105 3465
3011 4207
834 2032
6196 7600
1 940
3618 4995
1573 2882
1587 2990
6 622
6465 7597
5581 6990
2817 4197
6 834
2402 3660
7041 8300
382 1517
2829 4296
1585 2803
10 896
5117 6367
