87
0 0 0 0 0 0 0 0 0 0 0 0 0 0 0 0 0 0 0 0 0 0 0 0 0 0 0 0 0 0 0 0 0 0 0 0 0 0 0 0 0 0 0 0 0 0 0 0 0 0 0 0 0 0 0 0 0 0 0 0 0 0 0 0 0 0 0 0 0 0 0 0 0 0 0 0 0 0 0 0 0 0 0 0 0 0 0
48 0 85 68 62 72 82 84 72 67 58 79 70 70 70 55 60 69 59 71 61 72 69 85 57 71 66 67 66 71 73 67 68 82 63 66 55 69 69 84 82 66 73 58 64 65 59 72 72 67 79 68 59 68 61 68 63 72 89 61 82 64 55 58 70 68 57 61 66 67 64 69 81 65 71 69 70 60 64 79 86 71 74 76 73 82 65
64 88 0 59 80 87 86 91 94 79 71 85 63 63 92 84 78 68 85 59 74 67 69 94 64 96 69 81 99 89 83 55 87 85 76 92 68 88 69 97 87 83 87 83 97 67 70 83 87 69 96 55 69 61 67 70 66 84 85 59 89 63 54 57 55 72 83 80 82 91 58 58 98 64 80 60 78 97 66 81 89 76 98 78 94 93 69
61 71 56 0 60 84 56 63 71 60 81 57 81 85 61 70 66 73 79 68 71 78 65 83 86 53 85 63 67 75 81 66 61 63 68 71 72 63 71 78 58 63 60 61 69 81 71 84 73 77 67 85 77 76 79 78 81 67 71 74 68 83 75 71 69 70 74 79 77 65 68 76 74 76 75 68 75 60 83 65 75 66 64 58 72 64 82
52 47 59 72 0 71 57 57 59 59 73 63 60 63 61 63 59 57 73 66 62 66 67 62 71 74 54 44 67 63 50 56 62 69 60 50 69 67 68 60 56 59 64 52 62 75 63 63 52 67 65 58 70 71 73 66 75 64 73 57 70 66 64 58 69 58 55 62 61 54 69 70 64 60 65 61 43 59 75 69 75 61 66 60 78 62 51
45 73 65 69 59 0 59 63 68 71 79 79 73 85 64 67 67 69 75 73 68 71 75 66 88 72 75 62 55 62 80 69 68 60 74 66 88 62 74 77 66 65 74 64 67 85 87 79 77 72 68 81 70 79 85 87 68 70 70 78 74 75 79 85 69 72 76 71 83 68 77 79 75 83 75 76 61 70 72 72 68 83 69 57 72 60 86
51 67 66 59 72 63 0 70 65 56 73 74 71 71 58 75 69 63 62 64 67 62 64 71 68 78 64 58 70 76 51 76 57 70 75 56 58 78 60 68 63 70 57 53 67 69 61 79 53 71 69 72 76 59 64 63 75 52 70 60 67 64 71 70 65 72 65 69 59 51 72 59 73 75 70 78 69 67 76 78 81 72 59 56 87 67 60
32 53 63 62 58 58 43 0 66 55 69 58 72 65 62 65 74 60 66 71 61 60 66 69 63 64 59 61 49 56 71 65 67 60 58 45 66 55 60 56 60 60 63 64 62 62 59 66 64 70 70 77 69 63 72 67 58 74 73 66 58 60 66 61 70 65 52 70 59 70 57 75 72 74 59 64 57 46 58 46 54 62 70 47 72 54 61
48 62 81 65 84 87 83 73 0 78 50 84 50 61 78 71 73 75 63 64 84 54 76 81 56 80 70 80 82 92 79 52 69 79 58 89 54 80 52 75 89 76 77 74 86 57 58 87 75 68 85 47 47 56 63 53 50 67 80 49 77 48 61 49 55 60 89 74 70 66 55 61 94 51 66 62 85 69 47 90 87 74 73 84 84 78 67
58 60 70 67 51 71 68 64 47 0 58 76 72 63 55 61 76 58 71 78 69 76 65 73 66 65 66 68 81 81 56 63 71 79 61 60 72 64 72 73 69 69 64 66 61 73 62 75 61 60 82 59 69 77 65 74 70 58 64 71 58 61 67 77 67 76 61 57 65 61 65 64 69 67 57 76 51 53 76 70 69 74 59 51 76 56 65
42 76 64 80 53 55 51 68 75 71 0 75 78 70 74 64 66 76 76 82 73 83 78 73 64 55 65 60 52 77 66 75 65 63 67 64 76 65 84 70 69 59 53 72 61 80 72 54 81 81 67 71 70 73 72 84 71 63 68 66 54 76 66 81 82 71 54 80 72 67 69 72 79 72 82 70 63 63 78 64 63 78 55 64 73 69 78
59 75 95 78 79 83 81 79 71 82 73 0 79 77 67 82 79 82 69 73 73 67 66 88 74 94 82 84 85 85 82 70 78 94 78 78 73 81 74 83 75 85 75 67 94 69 76 94 68 78 95 73 84 75 78 84 78 51 94 70 91 68 83 83 76 81 82 81 68 71 76 74 96 75 65 85 85 79 84 81 88 65 92 81 82 87 65
52 67 80 65 66 61 70 58 61 63 68 80 0 66 55 63 69 65 76 73 59 72 54 74 76 80 64 47 61 63 58 67 65 65 73 53 62 54 81 67 70 69 63 55 61 82 76 57 70 69 61 68 69 68 69 70 65 67 66 69 53 82 75 73 75 73 51 78 59 58 68 74 79 63 66 78 55 59 65 66 68 66 54 69 83 57 56
67 77 66 95 79 80 73 71 92 91 84 86 99 0 86 84 78 93 96 86 75 82 83 71 88 56 79 87 80 77 89 93 74 70 79 73 88 82 86 76 76 79 84 87 68 86 91 81 92 86 78 89 95 79 90 91 96 82 84 84 75 90 93 90 81 93 81 92 96 85 88 95 87 90 96 95 78 87 82 71 83 84 88 86 83 66 81
50 63 66 61 49 71 52 51 57 46 74 70 64 64 0 57 65 59 71 73 48 65 64 58 71 63 52 61 61 74 53 72 57 57 58 46 71 63 69 56 70 58 58 49 59 62 57 69 64 69 56 63 60 68 67 63 65 53 63 56 66 61 58 58 73 56 43 72 48 60 70 65 60 66 61 70 58 57 64 65 70 57 58 57 60 56 60
50 57 78 52 80 84 85 78 77 82 62 71 61 67 69 0 62 68 62 62 66 55 64 78 67 88 54 76 87 79 77 60 68 80 55 76 64 67 67 82 76 81 71 75 67 67 67 70 72 54 76 56 61 71 59 61 70 65 84 71 67 51 68 71 55 71 71 60 67 71 52 53 76 62 57 70 63 73 53 85 75 56 84 78 82 84 72
60 80 77 65 73 71 73 86 82 69 71 90 58 70 71 64 0 78 70 65 74 72 78 86 69 83 75 83 85 84 66 61 87 78 67 83 60 83 70 85 87 72 72 69 80 61 59 78 69 57 88 75 66 57 64 59 63 78 76 63 88 64 62 70 75 55 78 56 63 62 66 71 83 72 68 66 76 82 69 71 93 48 86 70 93 76 74
46 63 78 65 74 68 69 72 73 82 64 82 56 67 56 57 62 0 45 67 62 53 70 79 53 69 46 72 73 77 70 57 73 67 50 77 53 68 59 67 82 66 64 75 73 70 66 76 55 55 76 69 57 63 55 66 68 60 81 62 76 70 66 71 53 55 63 61 71 74 68 61 90 64 58 72 66 73 59 82 84 62 80 72 78 65 68
48 56 79 55 69 73 66 71 77 66 40 71 49 51 75 67 59 71 0 53 74 51 59 74 48 79 51 70 64 79 67 41 73 66 65 67 41 65 47 67 64 67 62 76 63 52 37 65 54 59 70 53 43 39 50 41 56 72 79 56 81 43 45 56 41 39 78 57 72 55 49 56 68 49 56 53 60 64 39 67 68 54 70 73 77 82 67
48 70 70 71 77 67 69 56 68 83 79 66 85 91 73 85 82 79 82 0 70 90 75 63 86 57 81 83 63 57 75 86 80 67 75 67 75 78 80 61 72 69 76 77 61 79 73 65 78 71 59 87 91 87 82 84 84 80 80 85 72 84 89 71 79 74 68 83 85 71 76 88 65 83 70 84 71 84 79 64 71 78 75 78 72 63 81
45 52 76 62 45 62 57 50 46 64 60 63 57 77 60 67 54 65 66 67 0 74 66 77 62 58 59 47 68 65 54 69 48 65 58 64 58 61 65 60 58 64 53 65 57 71 69 63 67 66 64 69 70 57 60 59 61 63 62 59 56 61 65 57 77 59 54 57 68 65 71 77 77 58 72 65 44 59 63 73 60 59 55 47 74 50 69
49 75 72 70 66 60 53 47 79 55 68 57 75 68 66 84 84 77 72 80 81 0 80 66 66 65 76 58 62 73 67 70 59 66 84 65 83 54 78 56 61 65 62 67 59 75 84 57 76 82 54 83 85 71 66 83 84 75 75 86 68 83 70 69 83 75 65 78 67 71 68 72 82 83 84 86 57 56 78 70 60 85 66 67 71 50 64
35 35 63 50 48 60 54 70 58 64 61 60 61 56 47 65 64 63 65 58 60 66 0 70 65 76 65 51 61 59 62 56 58 75 58 53 49 52 59 67 57 56 61 59 54 54 67 66 49 63 70 58 68 53 64 63 55 45 77 64 68 59 51 53 65 68 47 61 48 43 50 58 60 49 59 57 55 52 53 72 69 66 66 50 77 58 60
77 91 105 64 89 101 81 101 96 83 75 89 68 63 91 73 79 82 81 59 95 57 92 0 59 87 78 92 102 89 88 62 84 101 75 83 74 99 67 93 87 89 81 82 87 74 62 89 77 87 96 66 57 71 72 76 59 76 103 58 85 76 65 58 77 61 89 73 77 77 63 76 101 61 79 71 90 80 62 86 101 74 84 94 103 83 88
40 67 62 77 65 67 46 66 76 56 80 66 66 82 61 79 72 84 65 67 72 78 74 73 0 67 77 70 55 75 69 82 67 55 73 67 84 55 75 73 63 59 54 66 64 75 79 77 70 80 69 78 75 68 82 66 71 64 63 64 65 79 66 70 82 81 58 67 78 66 84 78 75 83 82 74 71 70 76 66 70 83 60 56 74 52 77
42 82 75 84 71 58 67 75 70 78 70 62 75 78 79 83 83 88 86 82 73 89 69 67 72 0 70 78 52 56 80 81 64 56 81 74 80 63 86 76 59 60 73 82 59 81 72 67 69 75 71 70 82 80 83 77 78 82 59 88 74 88 81 82 70 86 73 75 67 76 71 73 66 77 78 76 67 82 72 56 72 76 70 66 74 64 71
41 57 73 37 73 66 81 81 60 65 57 84 53 39 60 60 69 70 53 48 67 37 54 79 42 69 0 80 66 83 70 56 72 65 63 76 47 69 57 67 80 80 77 71 80 41 41 79 68 68 71 41 52 51 56 44 57 72 75 38 78 47 38 47 46 57 69 56 70 64 56 43 76 41 58 38 66 73 57 81 76 63 79 61 83 66 60
51 61 76 73 55 71 66 50 62 55 73 61 67 61 54 54 71 56 58 58 59 60 49 74 59 64 65 0 70 73 56 70 65 60 69 58 66 55 62 67 60 68 63 57 52 64 60 58 51 58 67 70 63 68 59 64 62 56 72 65 51 76 58 74 67 64 59 58 63 56 62 69 73 70 65 58 55 50 71 53 76 57 58 46 73 59 56
41 70 61 75 60 84 72 68 71 73 74 71 73 67 65 69 82 75 70 79 79 78 65 80 72 70 80 74 0 60 76 86 63 71 82 56 68 61 81 84 56 71 64 74 57 77 67 64 70 67 77 81 77 68 71 75 77 79 70 78 71 82 70 73 67 66 71 74 81 75 68 84 74 72 78 69 75 68 71 66 64 73 65 58 75 66 74
71 69 94 80 85 92 88 88 74 87 76 85 81 75 88 87 87 78 55 71 88 77 83 97 72 99 70 89 88 0 78 66 89 91 58 91 80 92 79 86 97 95 79 73 85 80 82 96 69 64 89 81 66 84 76 72 66 66 87 82 81 69 73 76 71 74 91 80 77 78 65 77 91 76 79 85 79 87 83 96 95 74 84 84 88 81 70
40 53 67 72 64 66 66 52 62 59 65 74 74 63 57 68 62 70 58 75 64 69 56 79 74 74 66 55 58 65 0 61 50 55 62 53 57 66 64 64 55 62 52 56 52 62 68 67 56 69 75 77 60 74 75 68 58 64 79 77 61 63 68 70 63 75 55 69 56 54 75 57 72 63 56 70 50 61 62 55 67 70 66 50 76 60 55
43 46 67 69 51 67 53 54 64 46 54 60 60 63 51 63 48 62 62 67 47 64 58 77 61 68 51 61 76 58 49 0 49 58 50 55 54 70 68 68 75 69 49 53 61 54 56 68 64 51 52 68 70 71 69 56 62 53 68 56 72 57 55 55 72 52 55 57 51 50 58 57 78 65 56 69 51 50 72 77 68 68 72 63 80 66 58
58 95 71 100 92 91 87 77 96 90 83 76 100 98 97 96 97 90 96 95 96 101 86 58 90 86 90 89 75 73 97 96 0 86 94 93 81 86 92 90 84 72 74 82 77 89 90 90 98 94 77 95 93 98 88 98 86 95 57 81 90 101 90 86 89 85 88 97 91 90 81 83 72 81 89 90 77 86 93 75 82 92 88 88 68 78 88
56 68 72 84 58 54 70 68 64 66 77 72 75 79 81 81 77 80 66 86 67 80 77 60 84 58 85 81 45 68 84 84 58 0 86 59 73 68 68 64 59 50 70 64 73 68 81 70 78 74 73 84 82 83 70 68 79 71 79 75 58 78 80 70 75 68 63 69 73 84 85 73 60 77 83 71 80 71 86 57 60 83 61 58 62 69 71
50 60 74 46 74 63 67 72 67 72 55 79 48 55 69 70 69 57 68 39 58 51 52 88 38 65 68 76 73 67 59 38 73 79 0 79 46 77 49 62 76 81 67 71 68 40 57 73 66 67 66 51 39 55 51 49 57 57 80 51 68 40 42 45 42 51 77 57 68 68 38 39 87 53 63 49 77 64 53 67 85 59 78 75 76 67 59
40 58 76 68 57 59 51 48 61 49 66 58 71 71 46 66 67 58 58 75 49 68 47 62 56 67 65 53 71 69 53 70 56 59 73 0 75 69 71 60 66 66 51 46 54 73 63 66 61 66 63 63 66 67 57 74 64 47 71 74 62 56 73 57 66 75 53 56 61 46 71 76 58 68 58 56 50 48 62 67 68 72 66 54 65 61 49
40 69 63 74 72 75 40 56 56 58 74 72 65 72 66 68 77 71 77 71 69 68 70 79 66 70 80 61 64 71 61 68 63 56 69 52 0 65 76 59 60 72 68 65 57 78 74 75 73 71 62 76 67 67 82 77 67 71 80 74 64 66 78 65 78 66 67 70 67 61 67 83 65 65 81 72 55 56 69 66 65 65 73 62 65 61 78
926 950 959 951 953 957 936 946 962 958 963 957 970 960 949 967 967 969 964 967 955 953 963 959 959 947 964 957 956 959 958 958 951 939 966 951 968 0 968 958 953 950 947 953 939 959 960 946 964 968 952 967 956 966 951 962 968 953 954 965 941 964 951 966 960 965 944 965 952 955 961 965 964 969 949 957 956 946 950 951 946 958 964 941 954 951 967
586 602 619 615 616 622 603 615 605 607 611 607 618 613 607 604 613 614 605 607 611 614 604 615 616 608 607 603 609 615 594 621 607 619 605 616 620 616 0 623 623 615 605 603 614 605 612 615 594 608 608 618 621 616 615 608 611 603 625 605 601 619 610 609 610 603 614 604 606 603 614 613 615 609 602 607 599 605 620 610 624 615 604 607 628 605 613
47 73 62 82 73 73 73 55 71 68 89 66 89 79 78 70 83 81 74 77 75 88 83 84 78 65 72 73 75 64 76 73 60 67 71 59 82 65 89 0 69 71 67 71 71 70 86 79 88 73 87 86 85 84 73 71 83 88 87 83 65 88 73 80 75 74 72 73 69 79 75 90 79 80 89 78 70 64 88 71 75 74 68 60 69 59 71
60 70 90 66 91 87 80 96 74 77 71 85 62 62 81 77 70 83 63 62 84 52 68 97 61 78 80 76 78 98 84 56 91 91 68 91 64 83 53 80 0 82 94 91 76 53 68 76 80 68 75 68 70 55 65 58 55 79 95 63 83 63 59 58 58 51 83 76 74 73 57 67 102 65 65 63 94 82 70 97 81 67 78 81 97 90 67
42 69 65 70 59 61 63 51 58 58 70 62 75 80 61 66 70 73 80 76 76 81 70 72 69 65 78 66 65 60 71 81 55 39 75 68 72 67 75 72 46 0 52 68 55 66 64 69 64 73 65 79 71 62 74 74 64 66 76 77 71 75 65 65 64 64 58 73 64 59 73 70 63 81 76 82 72 70 69 48 54 70 59 69 66 50 62
57 78 83 75 85 82 72 86 70 68 77 89 76 65 79 77 76 73 74 64 72 66 66 81 69 74 63 65 87 80 74 79 72 83 74 74 68 73 76 81 79 79 0 82 85 74 79 82 71 63 86 64 63 66 60 77 77 62 86 73 90 73 71 67 76 66 83 64 69 80 65 69 87 73 66 70 74 80 59 80 80 64 79 69 93 73 74
44 66 76 67 77 85 78 85 59 67 64 70 54 62 58 66 70 75 49 58 71 54 64 84 70 73 47 82 69 73 61 59 83 81 47 82 68 70 68 74 80 82 65 0 82 59 72 85 59 65 84 71 58 56 70 58 59 73 74 72 82 70 55 62 73 53 63 71 73 75 61 58 87 68 71 66 71 83 57 68 74 65 66 77 86 71 54
710 743 721 746 731 734 729 723 724 721 731 737 733 742 731 735 744 730 730 730 739 733 738 746 736 724 729 732 734 733 727 740 736 720 737 734 731 731 739 728 733 723 732 735 0 744 744 744 748 734 737 749 748 740 737 743 742 729 741 735 728 732 738 750 749 739 739 747 747 725 747 734 729 747 742 745 725 721 737 735 726 744 725 720 735 718 743
47 60 73 71 79 70 78 80 66 72 58 83 58 71 64 42 57 47 62 58 56 68 62 85 68 81 65 72 72 71 75 70 77 78 56 71 57 72 61 70 67 85 73 77 69 0 54 69 62 69 68 65 56 73 66 70 63 55 85 60 82 66 63 60 70 54 73 74 54 70 55 71 87 70 63 72 72 65 57 65 78 63 69 69 71 71 59
38 56 68 58 59 60 56 74 53 48 65 74 46 55 44 50 46 52 50 52 46 48 41 79 60 70 47 63 57 72 52 65 50 56 62 52 63 55 63 70 59 64 67 55 73 58 0 70 47 56 53 64 64 65 53 57 51 46 76 56 59 48 58 61 64 49 59 59 41 42 63 56 70 59 53 61 64 63 61 58 59 59 64 57 62 65 57
59 82 73 83 63 68 57 53 70 67 68 66 86 83 80 83 68 80 75 85 73 80 72 73 75 54 81 70 57 71 70 72 56 60 86 58 85 72 68 79 67 63 54 73 67 82 73 0 79 77 69 84 70 78 84 71 73 68 76 85 76 68 73 86 76 72 71 80 66 63 85 72 85 84 68 84 72 70 87 61 73 78 67 59 84 66 71
50 49 76 56 61 57 55 57 63 59 48 65 49 65 52 55 64 55 63 57 62 67 44 60 52 70 47 65 70 63 52 62 66 60 60 67 48 73 49 59 62 73 55 61 62 53 66 66 0 62 55 55 51 59 64 56 54 40 79 49 62 60 61 61 49 55 51 55 52 59 52 62 79 61 46 56 47 50 55 60 71 59 53 67 68 72 61
67 82 62 96 77 87 87 68 87 74 100 68 81 97 85 98 84 92 93 96 87 100 96 68 101 70 100 87 72 65 86 95 76 84 91 83 84 84 84 89 82 65 74 89 83 101 98 77 83 0 92 88 85 97 89 85 100 97 71 87 86 87 87 86 97 89 79 95 80 89 100 90 73 84 96 89 79 90 94 67 71 80 74 88 75 80 84
50 77 66 88 77 79 70 69 70 78 71 66 84 90 80 70 73 82 90 83 77 75 89 74 78 67 79 65 67 63 81 81 65 60 89 76 83 76 71 81 68 67 69 69 74 88 88 87 75 87 0 78 75 90 75 82 80 84 82 76 67 85 84 87 91 72 65 72 80 75 88 85 85 83 70 84 73 73 71 60 75 88 80 72 82 70 71
59 70 60 74 78 71 72 59 78 80 80 73 77 90 80 90 73 72 80 85 85 85 87 60 79 62 79 81 54 57 76 85 73 55 87 68 90 71 76 70 69 65 78 73 68 79 85 61 82 84 79 0 87 87 90 79 79 67 60 76 72 70 86 71 71 90 65 73 69 84 75 72 61 90 74 76 75 80 84 53 65 71 69 61 65 57 80
42 63 74 79 62 74 45 61 76 71 80 78 80 83 75 74 81 78 74 73 62 84 67 79 77 56 82 58 69 76 58 79 70 59 81 63 78 62 84 63 62 59 62 71 56 74 76 66 68 66 63 78 0 72 70 74 72 66 81 67 57 82 65 68 64 77 74 76 65 67 64 84 72 68 68 73 72 69 66 54 64 78 60 56 80 65 78
46 83 55 73 67 60 71 67 72 80 85 72 74 86 73 88 78 82 78 77 70 71 87 71 78 64 70 69 63 64 71 90 72 54 77 78 77 63 82 65 67 55 81 67 70 89 70 62 84 74 77 80 77 0 87 74 70 86 59 85 66 78 79 78 80 78 76 81 83 74 84 90 60 70 69 86 72 77 86 62 74 82 68 67 77 65 68
49 60 80 70 63 60 54 59 52 59 66 81 81 64 70 78 63 69 61 83 71 68 58 80 75 69 79 47 80 80 53 63 59 67 70 55 69 61 75 62 75 61 67 65 71 83 73 66 60 79 76 72 65 71 0 64 77 65 78 83 67 64 68 64 79 80 53 78 60 57 70 67 76 80 70 77 54 59 68 65 67 67 67 52 65 55 65
60 60 66 70 76 73 63 69 62 64 66 83 76 60 54 59 64 58 59 76 72 68 66 68 70 79 61 70 67 79 54 72 72 77 66 74 59 75 67 81 66 67 68 55 66 64 70 72 64 73 82 74 70 68 60 0 70 55 86 68 65 76 64 75 76 70 64 62 68 67 71 65 88 68 63 59 73 65 58 73 82 69 72 73 86 81 72
58 75 71 75 58 74 53 48 75 72 71 73 71 76 74 75 70 68 75 67 63 72 84 65 85 65 84 62 53 73 78 78 73 66 82 69 78 68 86 72 59 60 64 72 55 83 66 64 69 79 72 68 76 69 86 77 0 75 64 82 62 76 72 68 69 86 73 67 65 78 69 86 75 67 65 83 65 64 82 55 59 71 74 55 70 54 71
56 59 80 61 74 74 72 66 80 78 43 77 48 57 79 56 77 66 58 61 64 58 62 72 42 74 68 73 71 82 59 49 65 73 60 72 55 69 48 84 82 69 70 81 70 57 41 66 76 67 80 60 52 48 56 56 59 0 84 41 68 45 48 57 49 59 73 56 70 65 46 54 77 52 53 53 66 69 52 73 83 62 79 77 80 80 69
62 87 90 61 94 97 92 98 96 84 60 92 74 75 82 90 95 84 84 68 85 58 84 102 65 89 73 82 91 96 94 71 84 102 82 82 62 88 69 84 87 104 88 97 92 67 62 92 81 80 81 72 57 64 72 67 74 74 0 65 90 58 66 61 59 67 88 69 75 95 66 61 100 75 89 57 82 82 69 100 106 87 95 92 99 97 82
56 65 73 70 71 60 53 46 78 60 81 75 74 68 80 78 72 81 84 66 71 77 76 73 74 58 69 76 57 76 80 84 54 64 66 69 79 63 76 61 54 70 70 71 59 76 81 72 68 68 67 75 79 85 75 72 83 82 79 0 61 77 70 73 86 68 74 70 82 75 78 76 77 66 67 79 62 58 74 65 63 66 72 71 76 64 68
84 76 104 84 85 96 99 89 86 94 87 102 85 96 77 100 98 100 82 101 84 102 78 91 98 97 86 80 99 105 69 86 94 98 98 79 87 99 86 102 98 94 90 80 91 90 99 87 83 87 102 97 92 102 99 102 90 94 99 94 0 82 102 93 95 100 90 85 75 77 100 86 95 83 91 101 84 79 85 96 94 92 98 88 107 85 91
50 42 64 61 55 59 70 62 61 64 51 67 64 50 46 47 50 45 53 46 45 54 46 64 64 70 59 59 73 58 43 63 66 56 51 60 61 68 63 57 68 75 67 51 69 65 54 71 43 52 60 65 47 62 55 49 64 54 68 56 52 0 48 65 64 48 63 45 33 43 61 50 75 47 50 62 53 65 66 70 67 60 61 64 61 70 60
51 52 73 53 64 59 62 54 60 60 66 58 56 62 53 45 42 49 54 47 51 51 42 60 50 67 52 45 62 63 43 50 59 71 46 53 54 58 64 70 65 73 63 50 73 56 66 53 41 55 72 62 61 59 56 47 61 49 77 54 65 58 0 65 65 46 54 47 37 56 63 66 63 60 51 64 54 48 64 58 56 64 55 59 72 72 51
37 63 71 57 49 68 63 58 59 64 53 59 50 65 53 55 58 51 63 48 57 56 37 76 67 66 44 63 57 63 57 59 48 55 53 68 66 71 59 64 58 66 56 54 65 57 63 58 36 51 57 59 52 62 53 60 63 56 76 55 59 53 53 0 48 58 48 61 48 57 51 51 70 65 46 56 63 56 50 67 71 62 70 52 76 70 44
57 70 72 85 71 64 58 55 72 62 77 70 68 72 77 73 69 82 73 70 76 81 67 77 70 55 81 74 61 60 65 74 60 66 82 71 79 67 69 66 71 64 63 78 57 66 86 71 68 82 52 85 74 78 83 85 83 70 67 78 64 68 72 71 0 78 68 79 69 76 72 67 64 84 85 77 56 66 75 71 66 78 64 56 74 52 81
46 66 69 59 60 78 60 75 65 70 50 76 66 59 69 52 63 52 50 60 62 49 57 81 61 66 56 73 68 69 63 61 62 66 67 67 54 60 69 68 65 80 63 58 69 59 53 76 68 62 74 66 57 58 67 63 67 56 75 49 61 68 52 53 56 0 56 61 58 65 67 56 71 59 56 64 67 64 69 72 80 55 73 66 78 79 45
42 50 70 55 41 53 42 55 46 49 56 66 51 53 56 58 64 55 54 67 54 61 46 53 57 65 65 40 51 56 56 58 53 51 65 51 58 61 66 66 63 54 47 40 58 61 56 56 49 48 64 61 66 64 62 51 70 44 61 54 61 54 52 62 66 62 0 56 43 53 69 67 65 59 52 62 43 53 69 56 68 56 54 59 68 51 52
56 64 71 69 81 69 75 70 62 78 58 83 73 61 63 56 59 41 64 67 64 60 66 73 72 68 71 71 74 80 72 67 73 74 76 64 58 79 57 71 73 79 65 72 65 56 63 70 64 67 83 55 75 58 64 57 65 62 92 56 71 58 56 55 71 65 70 0 70 61 59 65 82 61 58 67 75 76 56 84 76 56 80 69 79 66 57
32 39 70 47 57 62 57 52 60 49 58 71 47 54 59 58 57 46 55 53 57 53 55 68 62 69 42 51 65 70 51 54 52 54 55 49 59 57 58 52 72 67 52 44 67 61 54 52 40 41 62 60 60 59 63 59 64 31 58 57 63 64 63 51 64 64 53 57 0 60 56 47 64 59 53 44 53 63 61 59 69 45 64 62 68 72 45
36 52 71 51 62 63 64 68 41 51 49 69 50 65 50 63 67 60 45 56 46 47 42 69 65 68 61 55 67 68 42 57 62 62 64 59 59 58 54 53 62 58 57 54 53 57 49 57 48 54 58 49 51 59 63 47 61 44 66 48 61 67 57 48 51 64 56 57 54 0 59 64 71 60 60 67 45 44 60 72 61 54 60 47 66 55 50
65 75 86 78 62 76 67 75 63 48 81 72 77 85 67 72 69 78 88 75 72 72 80 80 78 75 70 65 79 83 73 81 67 68 73 66 80 74 80 65 67 82 59 74 69 78 84 70 64 87 79 78 82 78 88 73 86 71 76 80 72 87 86 88 87 88 71 83 83 79 0 72 91 89 74 87 59 65 91 78 77 90 78 64 82 73 69
46 72 60 86 75 73 68 66 76 72 81 65 71 90 75 77 88 86 89 81 79 77 74 79 89 60 90 83 59 72 84 89 68 65 79 79 87 60 87 63 76 62 81 83 67 86 71 71 83 70 64 89 90 73 91 84 74 75 80 90 67 81 80 88 72 90 76 71 68 70 84 0 61 75 78 86 68 78 84 67 72 77 77 64 71 58 85
51 71 70 74 69 74 68 68 87 74 86 74 89 77 70 85 78 79 88 84 88 91 69 65 93 65 81 73 80 58 69 92 77 64 92 80 78 65 89 66 73 64 79 71 65 81 75 64 69 77 76 79 90 85 76 91 90 76 71 85 68 91 85 84 74 87 81 83 85 68 93 92 0 94 92 87 75 77 90 78 59 88 81 79 54 79 90
57 61 61 84 60 70 52 70 60 72 79 70 66 76 63 71 77 82 79 66 78 74 61 71 72 58 84 72 63 66 59 74 55 54 64 68 64 76 80 66 53 64 72 69 59 77 73 74 74 77 66 75 81 78 74 71 73 78 64 66 59 72 67 68 82 76 64 84 76 66 66 70 78 0 77 78 58 60 82 56 62 74 69 55 77 68 67
44 55 77 44 77 78 81 79 76 77 58 80 51 54 60 62 68 52 63 38 65 47 55 86 52 71 67 67 83 82 67 47 75 68 52 72 50 64 51 79 71 81 75 63 65 54 42 63 56 51 69 52 51 58 53 55 39 54 81 40 69 38 55 50 58 52 74 60 54 73 39 55 83 55 0 38 64 63 43 69 85 53 80 63 82 77 54
66 71 70 88 51 70 70 63 67 73 75 72 86 78 65 74 70 89 89 75 67 86 82 92 89 82 72 76 73 78 67 75 53 81 73 62 77 78 82 67 77 74 55 71 72 83 81 71 64 72 71 84 71 87 71 89 87 79 82 76 76 81 75 89 77 82 69 71 83 63 76 83 79 89 74 0 67 65 81 83 82 76 60 70 83 65 75
48 50 54 70 48 66 46 57 45 54 52 61 63 57 52 69 48 51 64 58 60 64 44 64 56 61 49 50 53 71 59 59 51 60 53 45 64 57 61 61 46 60 51 39 45 59 52 66 43 50 56 62 56 62 65 66 70 51 66 68 50 53 71 70 65 54 47 69 51 49 64 55 62 62 57 64 0 47 65 59 68 50 64 40 69 44 52
38 59 69 68 61 74 73 70 55 66 69 69 69 70 59 72 62 64 53 67 66 56 66 78 68 67 67 65 73 78 65 55 59 73 54 72 71 62 67 70 79 79 70 65 64 67 55 78 51 61 72 70 65 56 66 55 56 56 85 65 63 69 61 72 61 52 61 57 55 54 53 69 68 57 65 62 65 0 71 77 72 52 63 59 85 63 61
43 67 73 71 72 52 62 48 63 73 81 68 81 81 63 72 78 73 85 73 74 82 69 67 86 71 76 64 65 64 80 74 69 67 73 58 84 52 67 53 70 54 68 65 58 72 77 54 78 85 71 76 78 82 78 81 73 76 64 86 63 69 73 71 77 82 71 69 80 66 78 70 71 82 76 84 58 63 0 64 61 66 61 69 84 48 75
56 75 78 81 64 70 58 72 56 57 81 76 66 66 57 68 76 68 77 78 72 68 78 76 80 61 80 58 64 74 60 84 59 61 67 51 83 79 84 66 58 70 53 57 71 83 82 69 63 82 65 78 65 82 77 81 69 69 84 70 73 85 84 69 81 85 66 69 66 74 74 80 70 72 64 84 61 64 71 0 82 82 77 58 81 73 63
969 979 1001 955 995 982 986 995 976 981 969 991 965 974 974 989 989 986 970 970 987 968 977 988 959 996 973 988 986 988 989 959 981 987 980 998 963 997 965 979 985 989 996 995 991 961 967 979 982 976 992 957 971 971 956 957 959 981 1004 955 993 958 974 956 970 957 989 979 975 979 961 955 986 963 984 958 979 986 958 984 0 985 998 989 997 991 973
38 52 83 39 79 78 78 72 59 64 56 70 47 39 69 63 58 61 53 50 68 50 65 68 56 82 59 77 67 81 73 47 79 67 56 72 56 62 52 80 65 65 69 64 74 48 52 76 63 51 62 37 54 50 56 47 51 57 77 44 70 45 38 37 54 45 79 56 53 64 43 54 74 52 58 43 72 64 54 77 79 0 63 68 89 73 50
52 81 77 82 58 77 56 66 77 67 73 75 88 73 72 87 76 72 70 80 76 71 69 81 76 72 79 71 61 59 82 85 60 54 78 60 79 81 74 85 63 61 67 65 54 74 87 68 71 77 71 73 79 71 80 82 86 81 84 76 61 86 75 80 87 82 67 71 78 68 81 84 71 86 85 74 78 76 79 69 72 79 0 62 71 75 73
36 50 72 76 49 65 53 56 63 46 58 61 62 62 45 66 71 69 53 64 62 69 59 74 58 72 60 64 67 59 59 69 62 68 58 63 59 61 67 64 62 66 55 59 62 75 66 76 50 73 65 56 74 71 71 65 70 60 65 60 68 75 66 67 63 59 49 72 66 54 57 62 60 66 69 67 57 60 64 63 56 66 70 0 68 59 67
34 69 51 79 69 76 71 70 63 67 72 53 73 83 74 67 65 73 67 72 60 84 76 42 82 64 72 61 72 62 59 65 58 63 74 63 78 59 82 60 68 54 61 64 74 78 69 60 73 67 61 78 83 85 84 69 73 64 53 73 67 71 84 80 84 69 64 78 60 78 83 77 64 75 83 74 63 76 84 59 63 83 58 74 0 62 68
44 61 49 62 49 63 51 53 67 59 62 58 77 69 58 70 69 68 71 68 63 72 66 70 67 55 69 57 61 70 70 70 62 53 70 58 72 69 77 57 63 51 49 57 53 71 71 60 64 71 75 65 61 65 65 66 70 63 66 77 64 59 76 77 69 76 58 68 73 68 59 78 65 78 68 75 51 65 69 65 57 64 56 47 70 0 57
61 90 67 88 87 86 76 85 81 80 88 81 96 94 92 87 89 100 94 94 78 89 81 65 83 85 86 86 84 74 83 97 84 71 85 76 96 81 101 94 81 70 77 89 77 92 99 84 96 90 88 95 94 95 91 84 83 89 69 85 71 84 82 89 82 100 85 90 93 79 84 99 81 96 99 90 90 92 101 66 53 97 76 81 72 79 0
0 35900
3719 5319
12923 14523
12612 14212
3145 4745
2959 4559
286 1886
16183 17783
3135 4813
3869 5469
14383 15983
12976 14576
16850 18450
5499 7099
15155 16755
5512 7112
15160 16760
12330 13930
12253 13853
16515 18115
16547 18147
13861 15461
15130 16730
16687 18287
10126 11707
3680 5280
7151 8751
6059 7659
12598 14198
7224 8824
14823 16423
12290 13890
14983 16583
9202 10802
15463 17063
2997 4693
12362 13962
7918 8948
10058 11090
13202 14802
12276 13876
9312 10912
9094 10694
15648 17248
2734 3760
8747 10347
16239 17839
11266 12866
3036 4890
13166 14766
16291 17891
16683 18283
13919 15519
15344 16944
13633 15233
5262 6862
13693 15293
12848 14448
14851 16451
12758 14358
0 1600
16340 17940
15255 16855
16002 17602
14190 15790
8908 10508
14477 16077
15055 16655
13260 14860
2751 5017
8979 10579
15922 17522
5500 7100
12090 13690
8946 10546
12467 14067
5730 7330
13493 15093
13994 15594
13949 15549
4308 5329
5425 7025
11101 12701
3648 5248
15494 17094
2771 4571
5294 6894
