#+++++++++++++++++++++++++++++#
#instance
#van cauwelaert generator
9 9
5  10  7  13  2  12  8  8  4  9  3  9  6  9  1  11  0  13
6  13  1  14  3  8  7  12  8  8  2  7  4  9  5  7  0  7
4  11  6  14  3  11  7  7  2  5  0  14  5  9  8  14  1  13
0  8  4  12  8  7  5  10  2  9  7  5  1  11  3  8  6  10
6  14  4  5  3  10  1  9  0  10  5  5  2  12  7  12  8  12
7  7  6  5  4  13  3  5  1  12  0  7  8  8  2  11  5  10
4  11  6  10  7  13  8  14  0  9  2  9  3  5  1  6  5  11
2  8  5  13  1  11  0  13  3  9  7  10  4  13  8  14  6  11
0  10  2  13  8  7  5  12  7  7  4  6  3  6  6  12  1  13
