#+++++++++++++++++++++++++++++#
#instance
#van cauwelaert generator
9 9
3  13  2  7  5  5  8  12  0  14  4  5  6  11  1  14  7  12
7  13  0  9  1  11  5  9  6  9  3  9  4  11  8  12  2  14
8  5  6  6  0  13  1  12  4  14  3  7  2  11  5  9  7  7
8  10  0  8  3  7  4  14  2  11  5  12  7  5  1  5  6  9
3  12  8  10  5  12  4  13  2  7  6  10  7  13  1  14  0  7
0  5  5  9  8  8  1  11  2  12  7  14  3  11  4  13  6  6
7  14  3  14  2  13  5  7  4  5  1  8  6  9  8  7  0  9
0  8  5  9  6  11  7  13  1  11  8  9  3  12  2  6  4  11
5  10  7  13  0  8  3  6  6  13  1  8  2  10  8  14  4  6
