#+++++++++++++++++++++++++++++#
#instance
#van cauwelaert generator
9 9
5  7  1  7  3  8  7  13  4  12  8  10  6  6  2  11  0  7
5  12  8  7  7  13  2  7  3  5  4  7  6  7  0  14  1  11
6  7  0  13  7  10  8  14  1  7  4  8  3  14  5  8  2  8
3  8  4  14  6  6  7  7  0  8  1  9  2  5  5  10  8  12
6  7  7  10  0  9  1  8  2  13  3  11  4  10  5  7  8  6
7  11  3  11  8  6  4  9  6  13  2  9  1  14  0  8  5  5
1  8  5  7  4  13  6  14  8  11  3  9  7  11  2  13  0  11
0  7  6  14  3  10  2  12  8  6  4  11  5  14  1  12  7  9
1  12  3  10  2  14  5  7  4  10  6  6  8  13  0  8  7  10
