#+++++++++++++++++++++++++++++#
#instance
#van cauwelaert generator
9 9
0  9  7  5  5  5  1  6  8  13  6  7  4  14  3  9  2  14
7  6  8  10  6  7  2  12  1  9  5  6  3  11  0  11  4  12
3  11  6  14  2  6  0  7  7  10  8  10  4  13  1  8  5  12
0  14  7  11  6  8  2  13  1  10  3  7  5  13  4  7  8  12
4  6  5  9  2  8  8  12  6  12  7  14  1  7  0  9  3  5
3  7  5  13  8  10  4  9  2  9  7  14  6  6  1  12  0  14
7  14  0  13  8  12  4  11  5  5  1  5  3  11  6  10  2  10
0  11  2  6  6  12  4  10  3  7  8  5  7  14  1  10  5  5
4  11  0  10  8  5  3  11  7  8  6  8  1  5  2  10  5  14
