#+++++++++++++++++++++++++++++#
#instance
#van cauwelaert generator
9 9
4  5  5  13  7  14  0  12  2  10  3  8  1  6  8  6  6  14
5  9  3  12  1  12  2  8  4  7  0  10  8  9  6  9  7  10
4  6  1  5  7  8  8  13  0  9  6  12  2  7  5  5  3  8
5  7  1  7  2  8  6  10  3  10  7  12  8  12  0  7  4  7
6  10  4  8  3  13  5  10  1  5  0  10  2  10  8  5  7  13
1  6  0  9  8  11  6  7  7  7  4  14  3  12  5  11  2  11
4  12  6  11  1  13  2  12  0  8  7  12  5  12  8  13  3  10
4  13  3  13  2  12  0  6  8  13  1  13  6  13  7  13  5  7
8  12  6  6  4  11  3  5  1  12  5  7  2  10  0  5  7  12
