75 4 2
0 314 3
14 50 1
47 113 0
51 341 3
121 362 3
127 458 3
158 319 1
187 297 0
197 541 2
202 293 0
228 345 1
323 377 0
341 541 3
373 616 0
427 774 0
443 599 2
447 761 2
451 809 2
459 785 3
461 810 2
466 820 2
481 848 2
496 853 2
531 902 3
536 895 2
593 833 1
658 805 0
690 909 0
797 1094 1
809 966 0
833 1032 2
848 1083 2
872 1172 0
908 1117 3
932 1303 0
942 1243 1
946 1262 2
949 1312 0
960 1311 1
980 1328 1
980 1352 2
1012 1158 3
1034 1180 3
1039 1354 3
1059 1395 3
1060 1439 2
1063 1431 0
1075 1400 3
1076 1370 1
1116 1466 1
1127 1488 1
1154 1455 2
1158 1445 0
1203 1505 0
1220 1495 0
1253 1626 1
1296 1622 1
1297 1612 0
1308 1687 3
1334 1707 1
1370 1747 1
1390 1760 1
1395 1766 1
1444 1817 1
1468 1576 2
1508 1881 1
1536 1910 3
1550 1907 1
1562 1929 1
1581 1953 3
1602 1928 1
1606 1952 3
1609 1912 1
1610 1957 1
1610 1720 0
5 81 7 78
81 60 80 117
7 80 5 77
78 117 77 57

