100 4 2
0 135 3
15 150 1
50 71 0
55 193 3
112 296 3
177 389 3
209 466 1
316 358 0
328 597 2
352 574 0
367 691 1
391 771 0
427 753 3
451 788 0
461 784 0
465 634 2
468 775 2
479 760 2
499 853 3
499 815 2
531 897 2
553 917 2
558 910 2
578 880 3
579 943 2
582 863 1
594 919 0
595 980 0
635 990 1
646 972 0
673 1031 2
677 1051 2
722 1052 0
739 1013 3
772 1113 0
815 1191 1
816 1060 2
827 1214 0
853 1181 1
889 1185 1
909 1260 2
914 1064 3
963 1176 3
987 1213 3
1027 1303 3
1055 1337 2
1069 1306 0
1081 1313 3
1100 1318 1
1121 1467 1
1125 1490 1
1128 1449 2
1129 1452 0
1129 1493 0
1132 1497 0
1168 1534 1
1201 1589 1
1281 1577 0
1285 1568 3
1309 1627 1
1373 1645 1
1412 1742 1
1420 1804 1
1422 1796 1
1438 1566 2
1462 1833 1
1465 1834 3
1492 1870 1
1515 1855 1
1546 1882 3
1591 1943 1
1603 1974 3
1611 1940 1
1641 1958 1
1642 1726 0
1658 1933 2
1661 1965 1
1675 1709 0
1685 2010 1
1701 1980 3
1710 2027 2
1727 2049 2
1729 1961 0
1731 2078 2
1815 2087 0
1821 2147 0
1828 2103 2
1843 2200 1
1863 2213 2
1902 2203 1
1920 2077 3
2001 2262 1
2007 2177 0
2009 2275 3
2011 2278 0
2069 2453 2
2081 2405 0
2094 2418 0
2127 2448 2
2128 2297 3
18 24 175 164
24 18 179 168
175 179 15 21
164 168 21 15

