100 4 2
0 31 0
3 184 2
51 225 3
55 270 3
74 112 1
94 347 3
113 184 2
135 493 0
141 512 0
156 538 0
199 380 3
202 277 1
212 485 2
222 562 3
225 594 0
242 579 0
258 639 0
262 619 3
287 652 0
310 627 3
336 600 2
348 719 2
366 740 0
404 738 2
412 603 1
426 695 1
462 761 0
495 789 0
497 850 0
509 853 0
552 835 2
606 904 3
637 913 2
644 859 1
654 966 3
688 1017 3
718 1092 3
721 954 0
742 1126 3
782 952 1
783 995 0
784 1147 3
807 1153 3
912 1209 3
930 1078 1
969 1319 0
975 1335 0
990 1377 1
999 1196 3
1010 1143 2
1015 1352 2
1021 1283 3
1045 1419 2
1061 1362 0
1104 1451 2
1184 1509 2
1200 1541 1
1223 1375 0
1223 1570 2
1226 1588 2
1265 1458 0
1266 1611 2
1346 1616 1
1350 1545 3
1394 1744 1
1395 1750 1
1405 1732 0
1420 1755 0
1457 1701 2
1469 1693 3
1475 1775 3
1510 1891 0
1526 1825 1
1531 1813 3
1595 1890 0
1615 1993 0
1638 1993 0
1658 2003 0
1679 1884 3
1711 2105 1
1747 2038 3
1768 2149 2
1783 2117 1
1785 2154 2
1816 2181 2
1835 2208 3
1866 2189 2
1866 2202 0
1880 2237 3
1918 2271 0
1921 2291 3
1941 2181 1
1960 2240 1
1982 2305 1
1983 2356 1
2043 2334 3
2069 2430 0
2081 2334 3
2110 2480 0
2111 2431 3
21 28 123 158
28 21 95 130
123 95 26 35
158 130 35 26

