100 4 2
0 279 0
104 224 1
133 141 2
134 386 1
137 460 0
144 449 1
196 454 1
223 490 0
241 479 2
250 504 1
252 431 3
270 550 1
271 598 2
316 559 3
330 555 0
332 656 3
347 661 3
348 711 2
396 649 1
406 671 3
429 669 0
441 788 1
449 776 3
480 755 2
513 784 1
519 878 3
540 685 0
551 829 0
590 969 2
611 874 0
634 966 0
694 1035 0
700 1032 2
721 1041 0
750 913 1
767 1037 1
768 1006 3
782 1005 3
821 1048 3
845 1164 0
853 1224 0
855 1230 2
883 1103 1
887 1242 2
910 1269 3
921 1164 1
969 1268 2
1020 1397 0
1025 1375 2
1049 1399 2
1056 1415 1
1060 1407 0
1064 1413 2
1066 1435 0
1084 1422 3
1097 1447 0
1126 1427 1
1134 1510 0
1135 1461 2
1161 1523 0
1196 1465 1
1211 1571 0
1216 1535 3
1242 1595 2
1304 1541 1
1342 1668 2
1360 1644 1
1376 1666 1
1381 1631 0
1397 1748 0
1413 1654 3
1433 1774 0
1517 1846 3
1530 1911 0
1536 1892 0
1553 1840 2
1572 1910 1
1604 1953 1
1633 2009 0
1637 1837 2
1650 1905 2
1660 2019 1
1776 1988 2
1777 2046 3
1813 2140 1
1826 2118 0
1851 2194 3
1878 2252 3
1880 2193 1
1896 2080 2
1919 2240 1
1964 2249 3
1967 2312 3
1977 2332 3
1982 2280 1
1983 2302 1
1993 2228 0
2018 2161 2
2056 2372 3
2093 2341 2
22 45 30 97
45 14 19 106
30 19 14 125
97 106 125 72

