2 16 480 2 30
  0   0.000   0.000   0   0    0  480
  1  -1.198  -5.164   3   1    0 1440
  2   5.573   7.114   3   1    0 1440
  3  -6.614   0.072   3   1    0 1440
  4  -7.374  -1.107   3   1    0 1440
  5  -9.251   8.321   3   1    0 1440
  6   6.498  -6.036   3   1    0 1440
  7   0.861   6.903   3   1    0 1440
  8   3.904  -5.261   3   1    0 1440
  9   7.976  -9.000   3   1  276  291
 10  -2.610   0.039   3   1   32   47
 11   4.487   7.142   3   1  115  130
 12   8.938  -4.388   3   1   14   29
 13  -4.172  -9.096   3   1  198  213
 14   7.835  -9.269   3   1  160  175
 15   2.792  -7.944   3   1  180  195
 16   5.212   9.271   3   1  366  381
 17   6.687   6.731   3  -1  402  417
 18  -2.192  -9.210   3  -1  322  337
 19  -1.061   8.752   3  -1  179  194
 20   6.883   0.882   3  -1  138  153
 21   5.586  -1.554   3  -1   82   97
 22  -9.865   1.398   3  -1   49   64
 23  -9.800   5.697   3  -1  400  415
 24   1.271   1.018   3  -1  298  313
 25   4.404  -1.952   3  -1    0 1440
 26   0.673   6.283   3  -1    0 1440
 27   7.032   2.808   3  -1    0 1440
 28  -0.694  -7.098   3  -1    0 1440
 29   3.763  -7.269   3  -1    0 1440
 30   6.634  -7.426   3  -1    0 1440
 31  -9.450   3.792   3  -1    0 1440
 32  -8.819  -4.749   3  -1    0 1440