3 60 103 5 25
0 0.000 0.000 0 0 0 0
1 -1.811393692170575 1.906141700546546 0 1 0 50
2 -0.29499331431816184 -1.978125108406338 0 1 0 32
3 -6.017175664585631 1.3024194041857746 0 1 0 60
4 -1.6374071047548868 2.11606422958336 0 1 0 54
5 0.6525517178614093 -0.15000433685486958 0 1 0 48
6 -0.04568257993134517 2.845430936147009 0 1 0 48
7 3.462507975844019 4.615932277196298 0 1 0 44
8 -0.14875414652544028 -0.19154174827084502 0 1 0 58
9 1.5401449222920924 4.064098705964433 0 1 0 46
10 -1.5980767622795438 -0.7090958570974875 0 1 0 42
11 -1.4196648271351413 -2.204214988995254 0 1 0 52
12 1.683425308190664 3.363797072153273 0 1 0 56
13 1.435043556619102 -1.4128463112337746 0 1 0 56
14 -2.0347748880173255 -0.8570684289248957 0 1 0 60
15 0.009130584521029661 5.16156545553306 0 1 0 64
16 -1.7428761181994392 -3.596560868454047 0 1 0 38
17 -0.3759567791939624 -2.136584320473625 0 1 0 36
18 -0.2900407953656712 -2.222053856930824 0 1 0 40
19 -2.88743747925165 -1.9872810019898917 0 1 0 68
20 1.6040997389073453 3.954886792194637 0 1 0 62
21 -0.039925006785111634 1.99960145874952 0 1 0 32
22 0.4046074361570923 1.9586456602985605 0 1 0 32
23 2.87263347437597 1.503775068948296 0 1 0 40
24 -0.8909189162195297 1.121883394719653 0 1 0 46
25 -1.189943174747768 2.6722254007054165 0 1 0 40
26 -0.2823819653399573 2.447703048952439 0 1 0 36
27 -1.3417266790095164 0.9838035406682801 0 1 0 34
28 0.7804774728241708 2.3295265947224064 0 1 0 42
29 -1.1640572672686404 -2.6575824735570803 0 1 0 62
30 3.0324793464218827 5.354790966356789 0 1 0 60
31 -0.18812167841435867 0.7378147046434991 0 -1 0 52
32 -2.114703271690069 -1.1482723075786656 0 -1 0 34
33 -3.669233054686788 -0.1464128159890465 0 -1 0 66
34 -5.659256783736589 -0.3459261183493808 0 -1 0 64
35 1.547907075084984 2.9309475019764717 0 -1 0 52
36 -2.232663398135755 0.20670047555678117 0 -1 0 56
37 -4.220943153329442 0.42290319313205826 0 -1 0 58
38 -1.9349362028019543 -0.8121162271166247 0 -1 0 64
39 -4.06603256945122 0.8630555204751177 0 -1 0 62
40 0.389050497450084 -2.5704151306616594 0 -1 0 48
41 0.3667022281848258 -3.1035996362221616 0 -1 0 54
42 3.6809711640751095 3.4628453111021735 0 -1 0 58
43 -1.8201175532479128 -1.9522055398021159 0 -1 0 70
44 -1.8225457547909316 -3.9522040657608892 0 -1 0 68
45 -1.406732001548672 3.749002841923306 0 -1 0 66
46 -0.6059732451698933 -0.8355007951330913 0 -1 0 46
47 -1.3467747956330727 -2.69324487407167 0 -1 0 44
48 -0.16319243918038095 -0.6481696367296903 0 -1 0 50
49 -3.702368098982329 -3.813722373900135 0 -1 0 70
50 -1.608395772312554 2.4304956997319147 0 -1 0 70
51 -1.9058451393003286 1.279641696627778 0 -1 0 34
52 -2.9821987092804556 1.7846330962452268 0 -1 0 38
53 4.367530287734395 2.8324147934074233 0 -1 0 42
54 -0.046690601524957964 1.723777982087001 0 -1 0 50
55 0.9484614552683233 0.3365937354313058 0 -1 0 44
56 1.6205132134634388 3.06332463603885 0 -1 0 38
57 -1.3812838468905233 2.983412310020234 0 -1 0 36
58 -0.28066609146945765 3.741083400796578 0 -1 0 54
59 -3.11560974301732 -2.4264303202953084 0 -1 0 66
60 0.3562898147277329 2.80467552825847 0 -1 0 68