3 48 90 6 60
  0   -1.044    2.000  0  0    0 90
  1   -2.973    6.414 10  1    0 50
  2   -3.066    0.546 10  1    0 50
  3    5.164    0.547 10  1    0 40
  4   -1.317    6.934 10  1    0 50
  5   -6.741    6.832 10  1    0 50
  6    4.891    0.627 10  1    0 60
  7    0.524    2.226 10  1    0 20
  8   -6.500    7.723 10  1    0 20
  9   -0.417   -0.157 10  1    0 100
 10    2.303    1.164 10  1    0 30
 11    2.548    0.629 10  1    0 90
 12   -4.261   -2.639 10  1    0 80
 13   -7.667    9.934 10  1  325  50
 14   -2.067    5.789 10  1  111  152
 15   -5.204    0.657 10  1  395  421
 16   -4.138    5.082 10  1  386  401
 17   -9.194    2.759 10  1   86  114
 18   -6.512    3.021 10  1  409  426
 19    1.860    9.672 10  1  454  20
 20   -4.094    8.321 10  1  175  100
 21   -3.776   -3.333 10  1  416  453
 22    2.377    2.908 10  1  147  50
 23   -4.303    2.045 10  1  471  100
 24   -3.530   -2.490 10  1  321  100
 25   -5.476    1.437 10 -1  258  50
 26   -4.933    3.337 10 -1  329  100
 27    5.740    2.382 10 -1  209  105
 28   -2.275    5.541 10 -1  416  100
 29   -5.662    7.334 10 -1  305  60
 30   -3.856   -0.370 10 -1  432  100
 31   -1.678    1.954 10 -1  202  100
 32   -1.156    1.161 10 -1  225  100
 33   -4.655    9.797 10 -1  102  123
 34    1.623    0.932 10 -1  260  276
 35    0.129    0.735 10 -1  178  100
 36   -2.640    2.953 10 -1  381  110
 37    0.435    1.469 10 -1    0 100
 38   -5.066   -2.313 10 -1    0 100
 39   -2.283   -0.981 10 -1    0 100
 40   -7.110   -1.862 10 -1    0 100
 41   -0.785    3.207 10 -1    0 100
 42    1.188   -2.493 10 -1    0 100
 43   -1.893   -2.373 10 -1    0 100
 44   -1.192    1.175 10 -1    0 100
 45    2.984    1.163 10 -1    0 100
 46    1.227   -5.581 10 -1    0 100
 47   -3.793   -2.161 10 -1    0 100
 48    4.288   -0.297 10 -1    0 100