14 10
0 0 1 2
0 0 2 2
0 0 4 1
0 0 4 2
0 1 5 3
0 1 6 1
0 1 6 3
0 1 6 4
0 1 8 4
0 1 10 2
0 1 11 2
0 1 12 2
0 1 13 3
0 1 16 2
0 2 5 3
0 2 6 3
0 2 7 4
0 2 8 2
0 2 9 1
0 2 9 3
0 2 12 3
0 2 13 1
0 2 14 4
0 2 15 4
0 3 5 3
0 3 7 1
0 3 8 4
0 3 10 1
0 3 10 2
0 3 11 1
0 3 11 4
0 3 14 2
0 3 15 3
0 3 15 4
0 3 16 1
0 4 5 3
0 4 6 4
0 4 7 4
0 4 10 1
0 4 12 1
0 4 12 2
0 4 15 1
0 4 16 3
0 4 16 4
5 6 8 10
5 6 9 9
5 7 6 15
5 7 10 11
5 7 12 9
5 7 12 11
5 7 15 7
5 8 5 15
5 8 8 11
5 8 8 15
5 8 14 13
5 9 6 12
5 9 16 14
5 10 12 13
5 10 12 14
5 10 12 16
5 10 15 6
5 11 14 10
5 11 16 14
5 12 6 16
5 12 8 12
5 12 8 14
5 12 8 16
5 13 5 16
5 13 9 13
5 13 10 8
5 13 10 11
5 14 14 16
5 15 9 6
5 15 9 13
6 6 8 14
6 6 11 9
6 6 15 9
6 6 16 8
6 7 12 16
6 7 14 10
6 7 15 13
6 7 16 11
6 10 7 8
6 11 15 13
6 12 7 16
6 12 11 15
6 14 15 13
6 14 16 12
6 15 8 12
6 15 9 9
6 15 9 15
6 16 9 11
6 16 9 15
6 16 14 14
7 7 11 10
7 7 11 13
7 7 13 11
7 8 13 13
7 8 14 16
7 10 11 11
7 10 12 16
7 11 11 16
7 13 9 8
7 13 12 16
7 13 14 12
7 14 7 15
7 14 8 9
7 14 9 13
7 14 12 9
7 15 11 16
7 16 8 8
8 9 11 12
8 9 13 10
8 9 14 11
8 10 9 15
8 11 16 15
8 13 9 11
8 13 10 12
8 13 14 13
8 13 16 15
8 14 9 9
8 14 14 13
8 15 14 13
9 9 16 13
9 10 11 15
9 11 9 12
9 11 12 13
9 12 11 14
9 15 11 12
10 10 10 12
10 10 10 14
10 10 11 15
10 12 14 14
10 12 16 11
10 13 12 11
10 14 10 15
10 16 16 12
11 15 12 16
11 16 15 13
13 14 16 15
