18 5
0 0 1 3
0 0 2 1
0 0 2 5
0 0 5 3
0 1 6 3
0 1 6 5
0 1 8 4
0 1 9 4
0 1 10 1
0 1 12 2
0 1 13 1
0 1 14 1
0 2 7 2
0 2 8 4
0 2 9 2
0 2 10 5
0 2 11 3
0 2 14 1
0 2 14 5
0 3 6 5
0 3 7 4
0 3 7 5
0 3 8 1
0 3 9 3
0 3 10 1
0 3 10 3
0 3 13 4
0 4 7 2
0 4 7 3
0 4 7 4
0 4 8 2
0 4 8 4
0 4 12 3
0 4 12 4
0 4 13 2
0 5 7 1
0 5 7 5
0 5 9 1
0 5 9 2
0 5 11 2
0 5 11 5
0 5 12 2
6 6 10 10
6 7 11 14
6 8 9 8
6 9 8 14
6 9 11 8
6 10 7 11
6 10 7 13
6 10 8 7
6 10 8 11
6 10 14 11
6 11 8 8
6 11 11 7
6 12 9 13
6 12 10 14
6 12 11 7
6 13 7 10
6 13 9 7
6 13 10 7
6 13 12 13
6 13 13 11
6 14 10 10
6 14 13 12
7 9 8 12
7 12 8 10
7 12 14 9
7 12 14 11
7 13 12 12
7 13 14 11
7 14 8 9
7 14 9 14
7 14 11 9
8 9 9 11
8 9 9 12
8 9 12 10
8 10 11 10
8 10 11 12
8 10 14 10
8 11 14 11
8 11 14 14
8 13 11 12
8 13 13 14
9 9 12 13
9 11 10 13
9 12 12 14
9 12 13 14
9 13 10 13
10 12 12 14
11 11 13 12
