10 8
0 0 1 1
0 0 2 1
0 0 2 4
0 0 3 1
0 1 5 4
0 1 6 4
0 1 8 1
0 1 10 2
0 1 13 1
0 1 13 2
0 1 13 3
0 2 6 2
0 2 6 4
0 2 8 2
0 2 8 4
0 2 9 1
0 2 13 1
0 3 5 3
0 3 5 4
0 3 6 1
0 3 7 3
0 3 9 3
0 3 11 2
0 3 12 2
0 4 6 3
0 4 7 4
0 4 8 3
0 4 9 2
0 4 9 4
0 4 10 3
0 4 12 3
0 4 13 2
5 5 7 7
5 5 13 13
5 6 5 11
5 7 8 6
5 7 9 9
5 8 11 10
5 8 13 7
5 9 7 6
5 9 8 7
5 9 10 8
5 9 12 12
5 10 7 10
5 10 11 12
5 11 7 10
5 11 13 10
5 12 6 6
5 12 8 8
5 13 7 11
5 13 8 7
5 13 13 9
6 6 8 10
6 6 12 9
6 6 13 12
6 7 12 8
6 8 10 7
6 10 7 11
6 10 8 7
6 11 8 11
6 11 10 13
6 11 11 12
6 11 13 9
6 12 7 10
6 12 9 11
7 8 8 9
7 9 9 10
7 11 7 12
7 12 9 11
7 13 11 8
8 10 8 13
8 10 11 10
8 13 13 12
9 9 9 11
9 10 12 13
9 10 13 11
9 12 10 11
10 12 12 13
10 13 11 12
11 12 12 12
