19 17
0 0 1 5
0 0 2 1
0 0 2 3
0 0 4 1
0 1 7 5
0 1 8 3
0 1 11 2
0 1 12 1
0 1 13 4
0 1 15 1
0 1 15 5
0 1 17 3
0 1 19 2
0 1 19 4
0 1 21 2
0 1 22 5
0 1 24 2
0 2 6 3
0 2 6 4
0 2 7 1
0 2 7 5
0 2 8 2
0 2 11 2
0 2 15 1
0 2 15 4
0 2 17 4
0 2 18 3
0 2 22 4
0 2 22 5
0 3 6 5
0 3 10 3
0 3 14 4
0 3 16 3
0 3 17 1
0 3 17 3
0 3 18 4
0 3 20 3
0 3 21 5
0 3 22 4
0 3 23 2
0 3 23 4
0 3 25 1
0 3 25 2
0 4 7 1
0 4 7 4
0 4 9 2
0 4 14 1
0 4 14 2
0 4 15 2
0 4 15 5
0 4 16 1
0 4 18 1
0 4 18 5
0 4 19 5
0 4 20 3
0 5 6 2
0 5 8 3
0 5 9 3
0 5 11 2
0 5 11 5
0 5 13 4
0 5 16 5
0 5 17 3
0 5 18 4
0 5 20 2
0 5 22 1
0 5 22 3
0 5 25 1
6 6 9 22
6 6 10 22
6 6 21 20
6 7 11 13
6 8 12 12
6 8 14 20
6 8 25 9
6 9 8 10
6 9 24 25
6 10 10 11
6 10 13 14
6 10 14 7
6 10 20 22
6 10 25 25
6 11 11 15
6 13 14 10
6 13 18 25
6 13 19 18
6 13 22 20
6 14 7 8
6 14 13 25
6 14 20 24
6 15 8 14
6 15 19 18
6 16 9 23
6 16 18 16
6 16 20 14
6 17 8 16
6 17 15 9
6 17 15 21
6 17 18 14
6 19 7 17
6 19 19 9
6 19 24 16
6 20 8 22
6 21 25 9
6 22 25 17
6 23 12 24
6 23 17 25
6 23 18 9
6 23 21 8
6 23 21 15
6 23 22 18
6 23 24 22
6 23 24 23
6 24 11 24
6 24 18 24
6 24 21 12
6 24 24 18
7 7 11 12
7 7 17 19
7 7 18 25
7 7 24 22
7 7 24 25
7 8 13 9
7 8 24 20
7 8 25 12
7 8 25 19
7 9 11 21
7 9 14 19
7 9 17 22
7 10 23 8
7 11 14 20
7 11 18 22
7 12 20 14
7 12 23 24
7 13 13 12
7 13 22 11
7 14 17 22
7 14 22 15
7 15 22 20
7 16 10 8
7 16 18 12
7 18 7 21
7 18 17 16
7 18 19 23
7 18 25 21
7 19 24 13
7 20 12 14
7 21 14 15
7 21 16 17
7 21 22 20
7 21 24 11
7 21 24 25
7 22 11 18
7 22 23 10
7 24 12 22
7 24 17 10
7 24 24 19
7 25 22 19
8 8 9 11
8 8 12 16
8 8 14 9
8 9 11 24
8 9 20 9
8 10 10 18
8 10 11 19
8 10 14 16
8 10 19 22
8 11 15 16
8 12 10 23
8 12 11 13
8 12 11 19
8 12 18 25
8 12 21 16
8 13 9 13
8 13 17 20
8 13 19 22
8 15 22 11
8 15 25 15
8 16 10 16
8 16 14 12
8 16 14 18
8 16 24 14
8 17 8 20
8 18 10 22
8 19 19 17
8 20 22 17
8 21 14 9
8 23 21 22
8 24 10 20
8 25 11 11
9 9 11 25
9 9 17 14
9 9 18 20
9 9 21 19
9 10 11 22
9 10 21 11
9 10 21 17
9 12 9 13
9 12 15 18
9 12 22 20
9 12 23 16
9 14 9 24
9 14 24 25
9 14 25 14
9 19 24 11
9 20 15 18
9 20 21 19
9 21 10 10
9 21 17 21
9 23 9 25
9 23 12 23
9 23 13 18
9 23 15 21
9 24 24 16
9 25 15 10
10 10 13 15
10 10 13 20
10 10 19 18
10 11 14 14
10 11 18 14
10 11 20 19
10 12 12 19
10 12 17 19
10 13 13 20
10 13 23 18
10 14 20 18
10 15 11 24
10 15 23 24
10 16 11 22
10 18 24 11
10 18 24 15
10 20 24 22
10 21 24 24
10 23 24 15
10 24 23 15
10 24 25 19
10 25 11 16
11 11 24 20
11 11 25 15
11 12 14 23
11 12 17 22
11 12 25 12
11 13 25 18
11 14 24 13
11 16 19 21
11 16 23 12
11 17 13 25
11 17 15 20
11 19 18 15
11 19 20 20
11 20 16 22
11 21 17 25
11 22 14 20
12 12 17 19
12 12 19 16
12 12 24 16
12 13 19 21
12 14 12 25
12 16 17 14
12 17 19 23
12 18 20 15
12 20 18 25
12 22 13 13
12 22 20 20
12 23 16 21
12 23 20 19
12 23 22 25
12 23 23 21
12 23 23 22
12 24 23 21
13 13 13 19
13 13 17 15
13 13 19 25
13 14 14 19
13 14 18 24
13 14 23 16
13 15 16 17
13 15 24 22
13 16 22 20
13 16 22 21
13 18 25 25
13 19 15 17
13 21 15 14
13 23 21 14
13 23 25 15
13 24 15 17
13 25 17 21
13 25 21 15
14 14 15 23
14 16 15 17
14 16 19 25
14 17 15 16
14 17 22 23
14 18 25 17
14 21 16 22
15 15 21 20
15 16 20 18
15 16 20 21
15 16 23 21
15 18 19 23
15 19 25 22
15 20 17 25
15 23 20 23
15 25 17 17
16 16 19 21
16 16 21 17
16 17 19 23
16 19 16 23
16 19 18 22
16 19 25 19
16 21 25 20
17 18 17 25
17 21 19 23
17 22 23 18
17 24 20 18
17 24 21 22
17 24 21 23
18 18 25 20
18 19 18 25
18 21 20 20
19 25 21 20
20 22 21 24
21 21 22 23
