20 12
0 0 1 2
0 0 2 1
0 0 4 2
0 0 5 3
0 1 8 4
0 1 13 2
0 1 13 3
0 1 13 4
0 1 14 5
0 1 16 1
0 1 16 2
0 1 16 3
0 1 18 1
0 1 19 5
0 1 20 1
0 2 6 4
0 2 8 5
0 2 10 1
0 2 10 5
0 2 11 4
0 2 11 5
0 2 13 1
0 2 16 5
0 2 20 4
0 2 20 5
0 2 21 5
0 3 7 5
0 3 8 4
0 3 10 2
0 3 10 3
0 3 12 1
0 3 14 2
0 3 14 4
0 3 16 2
0 3 18 4
0 3 20 3
0 3 21 2
0 3 21 3
0 4 6 4
0 4 9 1
0 4 9 4
0 4 12 3
0 4 13 5
0 4 15 1
0 4 15 5
0 4 17 3
0 4 18 2
0 4 19 4
0 4 21 3
0 5 8 2
0 5 8 4
0 5 10 1
0 5 11 2
0 5 14 3
0 5 15 3
0 5 16 1
0 5 17 1
0 5 19 3
0 5 20 5
0 5 21 2
6 6 6 14
6 6 8 15
6 6 9 17
6 6 12 13
6 8 13 14
6 9 11 11
6 9 16 18
6 10 6 21
6 10 12 17
6 10 13 12
6 10 15 14
6 10 19 20
6 10 21 17
6 11 7 19
6 11 9 7
6 11 13 13
6 11 19 17
6 11 19 19
6 12 15 8
6 12 15 12
6 13 7 15
6 13 15 7
6 13 16 10
6 14 7 12
6 14 16 21
6 15 8 10
6 16 10 16
6 16 14 11
6 16 21 17
6 17 21 18
6 18 10 14
6 18 13 21
6 18 20 20
6 18 21 9
6 19 9 9
6 19 13 9
6 19 21 12
6 20 8 11
6 20 16 8
6 20 20 7
6 20 21 14
6 21 16 17
7 7 9 13
7 7 9 21
7 7 10 10
7 7 10 19
7 7 16 11
7 7 19 15
7 8 9 11
7 8 9 17
7 8 19 15
7 9 12 15
7 9 18 12
7 10 11 18
7 11 12 13
7 11 20 13
7 11 21 17
7 12 14 18
7 12 17 11
7 12 17 14
7 12 21 8
7 13 9 15
7 13 18 8
7 14 10 10
7 14 11 16
7 14 12 14
7 14 15 12
7 15 11 12
7 15 11 13
7 15 18 15
7 16 8 11
7 16 12 10
7 17 9 17
7 17 17 9
7 19 8 20
7 19 11 18
7 19 17 12
7 20 10 18
7 21 12 17
8 8 12 11
8 10 10 17
8 10 17 20
8 11 10 20
8 11 16 11
8 11 19 12
8 12 12 17
8 12 14 12
8 12 18 15
8 13 10 9
8 13 10 13
8 13 19 10
8 13 19 20
8 14 9 20
8 14 12 9
8 14 14 16
8 16 12 18
8 16 14 18
8 17 16 17
8 18 11 21
8 18 13 16
8 18 16 15
8 18 18 14
8 19 9 11
8 19 17 14
8 19 18 15
8 19 19 12
8 20 15 14
8 20 21 21
8 21 16 14
8 21 20 20
9 9 19 20
9 9 21 14
9 10 16 20
9 11 14 13
9 11 15 21
9 12 14 20
9 12 18 13
9 12 19 12
9 12 19 18
9 14 15 14
9 15 10 18
9 15 12 12
9 15 17 12
9 15 20 19
9 16 18 21
9 17 9 18
9 17 17 15
9 17 18 10
9 18 9 20
9 18 20 19
9 18 21 11
9 19 10 13
9 21 13 19
10 10 19 11
10 11 12 21
10 11 21 20
10 12 13 19
10 14 13 14
10 14 21 19
10 16 19 15
10 16 21 14
10 18 17 21
10 18 21 18
10 18 21 20
10 19 13 20
10 21 18 20
11 11 19 12
11 13 21 16
11 15 13 20
11 15 19 14
11 16 13 21
11 16 15 17
11 16 18 18
11 16 20 18
11 19 17 17
11 20 16 16
12 13 14 21
12 15 15 20
12 16 18 17
12 21 20 15
13 13 13 14
13 13 17 15
13 16 20 17
13 17 17 16
13 19 15 14
13 19 15 17
13 20 19 20
14 16 20 18
14 17 14 21
14 17 15 17
14 19 21 17
14 21 15 16
15 15 18 21
15 19 16 18
15 19 21 20
15 20 16 16
15 21 19 17
16 16 17 18
17 17 20 20
18 19 20 21
