19 13
0 0 1 2
0 0 2 3
0 0 3 3
0 0 4 5
0 1 6 3
0 1 6 5
0 1 7 2
0 1 8 3
0 1 8 4
0 1 12 1
0 1 18 1
0 1 21 2
0 1 22 1
0 1 22 3
0 1 22 4
0 2 7 2
0 2 8 4
0 2 10 4
0 2 12 1
0 2 12 5
0 2 14 3
0 2 20 1
0 2 21 3
0 2 22 1
0 2 22 2
0 2 22 4
0 3 8 3
0 3 9 4
0 3 10 2
0 3 11 4
0 3 11 5
0 3 13 5
0 3 17 2
0 3 17 4
0 3 19 1
0 3 20 2
0 3 21 1
0 4 7 4
0 4 7 5
0 4 11 3
0 4 13 3
0 4 14 2
0 4 15 5
0 4 16 5
0 4 17 1
0 4 17 4
0 4 19 1
0 4 20 1
0 5 8 5
0 5 9 3
0 5 9 5
0 5 10 4
0 5 12 2
0 5 13 3
0 5 13 5
0 5 17 1
0 5 17 4
0 5 19 2
0 5 22 2
0 5 22 5
6 6 16 22
6 6 17 18
6 6 20 10
6 7 13 19
6 7 15 22
6 7 19 7
6 7 19 20
6 8 16 16
6 8 18 20
6 8 19 15
6 8 19 17
6 9 6 10
6 10 14 15
6 10 19 22
6 11 11 10
6 11 14 13
6 11 15 12
6 11 18 18
6 12 14 22
6 12 15 14
6 12 16 14
6 12 21 18
6 13 9 20
6 13 15 17
6 14 7 10
6 14 8 20
6 14 20 8
6 15 12 13
6 16 13 20
6 17 14 11
6 18 12 15
6 18 22 16
6 19 12 7
6 19 15 8
6 20 10 8
6 20 10 9
6 21 10 12
6 21 11 8
6 21 12 14
6 21 14 15
6 22 18 9
6 22 19 8
7 7 14 12
7 7 16 22
7 7 22 13
7 8 12 20
7 8 16 20
7 8 18 9
7 9 7 22
7 10 13 8
7 10 13 18
7 11 14 15
7 11 16 9
7 12 16 11
7 12 19 21
7 13 18 9
7 14 17 9
7 14 17 17
7 14 19 14
7 15 13 8
7 16 19 10
7 17 15 9
7 17 18 14
7 18 14 21
7 18 15 13
7 19 11 19
7 19 11 21
7 19 13 17
7 19 16 10
7 20 10 17
7 20 22 15
7 21 9 18
7 21 10 16
7 21 12 14
7 21 15 12
8 8 11 15
8 8 16 14
8 8 22 20
8 9 17 20
8 10 20 10
8 10 22 21
8 11 8 18
8 11 19 20
8 11 22 10
8 14 22 17
8 16 9 14
8 16 13 18
8 17 14 9
8 18 14 19
8 19 11 15
8 19 16 14
8 20 9 22
8 20 11 18
8 20 21 9
8 20 22 9
8 21 11 11
8 21 13 18
8 21 16 18
8 22 22 17
9 9 21 16
9 10 9 16
9 10 10 11
9 10 10 13
9 11 12 20
9 11 16 20
9 12 16 19
9 13 13 12
9 13 18 15
9 13 18 20
9 14 16 13
9 14 21 17
9 14 22 12
9 15 13 16
9 15 17 16
9 16 13 17
9 17 13 18
9 19 12 19
9 20 15 11
9 21 10 22
9 21 12 13
9 21 12 20
9 21 15 12
9 21 21 15
9 22 15 13
9 22 15 16
10 11 21 16
10 11 22 11
10 13 11 12
10 14 21 14
10 15 15 12
10 15 19 13
10 15 19 16
10 16 11 11
10 16 17 17
10 17 18 14
10 17 20 12
10 18 18 11
10 18 19 17
10 19 12 19
10 19 17 21
10 20 13 15
10 20 18 18
10 20 19 11
10 21 20 21
10 22 11 12
11 12 14 12
11 14 22 17
11 15 16 19
11 15 22 21
11 16 12 22
11 16 19 12
11 16 22 21
11 17 16 22
11 18 13 13
11 18 14 18
11 19 22 14
11 21 22 14
12 12 21 21
12 13 13 17
12 13 15 21
12 13 19 18
12 15 20 21
12 16 20 17
12 17 14 17
12 18 21 17
12 20 16 19
12 22 14 17
13 15 15 15
13 16 15 16
13 17 13 18
13 19 17 19
13 19 18 18
13 20 17 15
13 21 14 15
13 21 20 20
14 16 19 18
14 18 15 17
14 18 20 22
14 19 20 15
14 20 22 16
14 21 19 17
15 15 15 18
15 16 20 16
16 17 21 22
16 18 19 20
16 18 22 21
17 18 22 20
