15 9
0 0 1 3
0 0 1 4
0 0 2 1
0 0 3 2
0 1 5 3
0 1 5 4
0 1 8 3
0 1 9 4
0 1 11 2
0 1 12 3
0 1 12 4
0 1 15 4
0 1 16 2
0 2 7 1
0 2 7 3
0 2 8 1
0 2 10 3
0 2 12 3
0 2 13 2
0 2 13 4
0 2 14 2
0 2 16 1
0 2 16 3
0 3 5 1
0 3 5 2
0 3 5 4
0 3 6 1
0 3 8 3
0 3 9 4
0 3 10 1
0 3 10 2
0 3 11 4
0 3 14 1
0 4 7 1
0 4 8 2
0 4 9 2
0 4 9 4
0 4 10 1
0 4 10 2
0 4 10 4
0 4 14 3
0 4 15 1
0 4 15 3
0 4 16 2
5 5 12 6
5 5 12 15
5 5 13 16
5 6 6 9
5 7 7 12
5 7 15 10
5 7 16 8
5 9 16 12
5 10 12 10
5 10 15 6
5 11 14 12
5 11 16 7
5 12 5 14
5 12 9 11
5 13 14 7
5 13 14 14
5 13 15 11
5 14 5 16
5 14 7 12
5 15 7 15
5 15 8 6
5 15 8 8
5 15 12 15
5 15 14 6
6 6 9 7
6 6 9 13
6 6 11 12
6 6 12 8
6 6 14 8
6 7 10 15
6 7 11 14
6 7 12 7
6 8 15 10
6 9 9 16
6 10 10 11
6 11 8 14
6 11 15 14
6 11 15 16
6 12 8 14
6 13 11 16
6 13 12 13
6 13 13 11
6 14 7 14
6 14 14 9
6 15 9 7
6 16 9 14
7 7 15 13
7 8 8 13
7 8 9 10
7 8 11 15
7 9 10 8
7 9 16 11
7 11 8 14
7 12 16 11
7 13 8 10
7 13 11 11
7 13 16 12
7 14 11 16
7 15 15 8
7 16 11 8
7 16 14 14
8 8 10 16
8 9 9 13
8 9 10 10
8 10 9 9
8 10 9 10
8 11 12 12
8 12 11 9
8 12 13 12
8 13 15 13
8 16 10 12
8 16 16 9
9 9 10 13
9 9 11 13
9 11 12 13
9 12 10 16
9 13 12 15
9 15 15 16
9 16 11 14
10 10 11 16
10 11 14 13
10 14 10 15
10 14 13 13
10 14 14 15
10 14 16 14
11 11 11 14
11 12 13 12
11 16 16 13
12 13 13 15
12 15 13 16
12 16 13 15
