14 6
0 0 2 4
0 0 3 2
0 0 4 1
0 0 4 4
0 1 6 1
0 1 6 3
0 1 8 2
0 1 8 4
0 1 10 1
0 1 10 2
0 1 10 4
0 1 12 2
0 1 13 4
0 2 5 4
0 2 7 1
0 2 7 2
0 2 8 2
0 2 10 3
0 2 11 3
0 2 12 3
0 2 13 2
0 3 5 1
0 3 6 1
0 3 6 2
0 3 6 3
0 3 8 4
0 3 11 1
0 3 11 3
0 3 11 4
0 4 5 3
0 4 8 2
0 4 9 1
0 4 9 4
0 4 10 1
0 4 10 3
0 4 12 3
5 5 9 8
5 5 12 10
5 6 8 9
5 6 8 10
5 7 12 11
5 8 8 12
5 8 11 6
5 8 11 12
5 8 12 8
5 9 7 10
5 9 8 9
5 9 9 8
5 10 5 13
5 10 7 7
5 11 7 12
5 11 11 7
5 12 12 8
5 13 7 9
5 13 8 8
5 13 10 12
6 6 9 7
6 6 11 13
6 7 10 12
6 7 13 11
6 8 6 13
6 9 7 7
6 9 12 13
6 10 7 13
6 10 9 11
6 11 12 12
6 11 12 13
6 11 13 8
6 12 9 10
6 13 7 9
6 13 7 13
7 7 7 9
7 7 10 8
7 10 9 12
7 11 9 11
7 13 10 8
7 13 13 11
8 8 12 11
8 12 13 9
9 9 10 11
9 11 13 10
9 12 11 10
10 12 13 12
10 13 11 13
