18 11
0 0 1 2
0 0 3 3
0 0 3 4
0 0 4 3
0 1 6 5
0 1 7 3
0 1 8 4
0 1 11 1
0 1 12 5
0 1 15 1
0 1 15 2
0 1 15 4
0 1 15 5
0 1 19 3
0 2 7 3
0 2 8 1
0 2 8 3
0 2 9 1
0 2 9 3
0 2 11 2
0 2 13 1
0 2 17 5
0 2 18 2
0 2 19 1
0 2 20 5
0 3 6 4
0 3 7 3
0 3 9 4
0 3 10 5
0 3 12 2
0 3 13 2
0 3 14 2
0 3 15 1
0 3 17 5
0 4 8 1
0 4 8 4
0 4 9 4
0 4 11 4
0 4 14 1
0 4 14 4
0 4 16 3
0 4 18 2
0 4 20 4
0 4 20 5
0 5 6 4
0 5 11 5
0 5 12 2
0 5 15 1
0 5 15 5
0 5 16 3
0 5 17 2
0 5 18 3
0 5 19 2
0 5 20 1
6 6 10 16
6 6 12 14
6 6 17 9
6 7 10 19
6 7 11 13
6 7 15 13
6 7 17 7
6 8 15 9
6 9 13 12
6 9 14 15
6 9 18 8
6 9 20 17
6 10 12 7
6 10 14 12
6 10 15 16
6 10 19 11
6 11 9 12
6 11 19 18
6 12 6 16
6 12 18 7
6 13 14 8
6 13 15 7
6 13 15 17
6 14 18 10
6 15 10 16
6 15 12 13
6 15 13 18
6 16 14 7
6 17 9 13
6 17 10 12
6 18 18 12
6 18 20 9
6 19 10 17
6 19 16 16
6 20 11 14
7 7 14 8
7 8 8 13
7 8 12 17
7 8 15 20
7 8 17 19
7 9 11 9
7 9 11 10
7 9 14 11
7 9 19 18
7 9 20 19
7 10 13 9
7 10 19 14
7 11 10 20
7 13 8 17
7 13 16 15
7 13 19 19
7 14 19 10
7 15 10 20
7 15 14 20
7 16 9 20
7 16 11 15
7 16 18 17
7 17 19 16
7 18 10 9
7 18 10 14
7 18 11 9
7 19 12 17
7 19 13 11
7 20 16 20
8 8 11 11
8 9 18 16
8 10 11 18
8 10 12 17
8 10 18 18
8 13 11 12
8 13 19 12
8 14 15 13
8 15 17 19
8 15 20 11
8 16 9 11
8 16 11 19
8 16 13 9
8 16 15 19
8 16 17 10
8 16 17 13
8 16 17 15
8 16 18 15
8 17 19 17
8 18 9 10
8 18 13 16
8 19 9 9
8 19 12 14
8 19 15 19
8 20 13 14
8 20 14 17
9 9 10 16
9 10 14 14
9 11 19 11
9 13 19 14
9 14 13 18
9 14 17 13
9 15 17 19
9 16 12 12
9 16 17 10
9 18 14 12
9 18 17 15
9 19 13 12
10 11 10 13
10 11 13 20
10 12 11 18
10 12 20 16
10 13 16 19
10 14 13 11
10 14 14 14
10 14 14 17
10 17 16 11
10 17 16 19
10 18 16 12
10 18 20 14
10 20 16 11
10 20 18 18
11 11 12 17
11 11 19 17
11 11 20 12
11 12 17 15
11 13 17 17
11 18 14 17
11 19 20 15
11 20 14 16
12 12 16 14
12 12 20 13
12 13 12 20
12 13 20 16
12 14 14 14
12 15 12 17
12 15 19 18
12 20 17 18
12 20 18 17
13 14 20 20
13 16 19 14
13 17 15 16
13 18 16 15
13 18 20 15
13 20 14 20
15 16 15 19
15 18 19 18
15 18 20 20
15 20 17 20
16 18 18 19
