17 17
0 0 1 3
0 0 2 1
0 0 3 4
0 0 4 5
0 1 7 5
0 1 12 1
0 1 12 4
0 1 13 2
0 1 13 5
0 1 16 1
0 1 17 5
0 1 18 4
0 1 19 3
0 1 21 4
0 1 22 2
0 1 22 3
0 2 7 1
0 2 9 1
0 2 9 4
0 2 11 4
0 2 14 2
0 2 17 1
0 2 17 4
0 2 19 3
0 2 20 2
0 2 20 5
0 2 21 3
0 2 23 1
0 3 6 5
0 3 8 2
0 3 10 3
0 3 12 2
0 3 12 3
0 3 13 4
0 3 14 1
0 3 15 3
0 3 18 2
0 3 20 4
0 3 23 3
0 3 23 5
0 4 7 5
0 4 8 5
0 4 10 3
0 4 13 1
0 4 13 2
0 4 15 3
0 4 16 1
0 4 16 5
0 4 19 1
0 4 19 2
0 4 20 2
0 4 21 4
0 5 6 4
0 5 8 2
0 5 8 5
0 5 9 1
0 5 9 3
0 5 9 4
0 5 10 2
0 5 13 5
0 5 15 4
0 5 16 1
0 5 19 3
0 5 20 2
6 6 7 22
6 6 13 21
6 7 6 12
6 7 6 14
6 7 16 13
6 7 22 10
6 8 6 20
6 8 20 10
6 9 12 11
6 9 12 21
6 9 15 22
6 9 22 16
6 10 7 11
6 10 19 16
6 10 21 8
6 11 7 9
6 11 13 16
6 11 14 14
6 11 15 11
6 11 17 21
6 11 23 17
6 12 7 11
6 12 15 16
6 12 21 20
6 13 11 8
6 13 15 7
6 14 13 19
6 14 22 9
6 15 15 7
6 15 18 14
6 16 13 18
6 16 17 22
6 16 21 14
6 18 16 18
6 18 23 10
6 19 10 23
6 19 17 17
6 19 21 17
6 20 11 10
6 20 15 9
6 20 22 9
6 20 23 10
6 21 18 21
6 22 10 11
6 22 21 21
6 23 16 15
6 23 18 10
7 7 7 21
7 7 19 20
7 8 15 22
7 8 22 12
7 9 10 19
7 9 11 23
7 9 15 17
7 10 10 11
7 10 16 16
7 12 10 14
7 12 11 8
7 12 15 12
7 12 19 9
7 13 8 18
7 13 9 10
7 13 11 15
7 13 22 15
7 13 23 12
7 14 9 17
7 14 14 17
7 14 15 13
7 16 8 8
7 16 19 17
7 18 18 16
7 19 10 17
7 19 18 11
7 19 20 23
7 19 23 11
7 20 8 12
7 20 12 18
7 22 17 12
7 22 20 12
7 22 22 22
7 23 9 13
7 23 17 20
7 23 18 16
7 23 21 9
7 23 21 12
8 8 12 9
8 8 15 16
8 8 18 19
8 8 21 15
8 10 19 23
8 10 20 13
8 11 14 17
8 11 16 19
8 12 10 17
8 12 22 21
8 12 23 20
8 14 13 17
8 14 18 12
8 14 19 13
8 15 20 23
8 16 23 15
8 17 11 21
8 17 15 12
8 17 22 10
8 18 16 17
8 18 21 11
8 18 21 21
8 18 23 9
8 19 16 13
8 19 16 18
8 19 21 13
8 20 8 23
8 21 11 12
8 21 23 23
8 22 11 17
8 22 11 20
8 22 17 19
8 22 18 13
8 23 12 22
9 9 11 17
9 9 13 11
9 9 20 21
9 10 14 10
9 10 14 20
9 10 19 10
9 10 22 14
9 11 9 14
9 11 19 14
9 12 20 19
9 13 17 22
9 13 22 23
9 14 18 23
9 15 18 13
9 15 22 22
9 16 16 20
9 16 18 20
9 17 14 21
9 19 16 22
9 19 22 16
9 20 23 13
9 21 11 18
9 21 17 22
9 22 10 19
9 22 12 16
9 22 23 21
9 23 12 10
10 10 15 11
10 12 15 23
10 12 18 20
10 12 21 13
10 12 22 14
10 13 10 22
10 14 11 16
10 15 12 19
10 15 18 18
10 15 22 20
10 15 22 23
10 15 23 14
10 16 21 19
10 17 14 19
10 18 22 19
10 19 11 19
10 20 11 13
10 20 18 17
10 21 21 11
11 11 12 18
11 12 13 15
11 12 17 23
11 13 15 23
11 14 17 16
11 14 19 21
11 15 18 17
11 17 23 15
11 18 13 23
11 18 14 15
11 18 17 13
11 19 17 19
11 20 15 16
11 20 17 14
11 21 12 14
11 21 15 18
12 13 12 20
12 14 23 15
12 16 22 21
12 17 17 23
12 18 12 19
12 18 20 19
12 19 22 20
12 21 15 21
12 22 18 19
12 23 20 13
13 13 21 22
13 14 14 18
13 14 15 18
13 15 14 17
13 15 20 16
13 15 21 18
13 16 14 18
13 17 14 20
13 17 15 22
13 17 16 14
13 17 23 23
13 18 19 21
13 20 15 17
14 14 14 18
14 15 14 21
14 16 16 15
14 16 16 17
14 17 16 21
14 18 16 18
14 20 14 21
14 22 15 15
15 20 22 21
15 20 23 19
15 23 20 17
16 17 23 17
16 18 21 21
16 19 18 23
16 20 19 19
16 21 23 17
16 22 18 20
16 22 20 23
16 23 23 20
17 17 20 19
19 22 21 20
