18 6
0 0 1 2
0 0 4 2
0 0 4 3
0 0 4 5
0 1 6 4
0 1 8 1
0 1 8 2
0 1 8 3
0 1 9 2
0 1 11 5
0 1 12 5
0 1 13 4
0 2 6 1
0 2 9 3
0 2 10 1
0 2 10 4
0 2 11 5
0 2 13 2
0 2 13 4
0 2 14 5
0 2 15 1
0 3 6 2
0 3 7 2
0 3 7 4
0 3 7 5
0 3 9 3
0 3 10 1
0 3 10 5
0 3 14 4
0 3 15 1
0 4 9 4
0 4 10 1
0 4 10 3
0 4 12 3
0 4 12 4
0 4 15 2
0 5 6 1
0 5 6 2
0 5 7 1
0 5 7 3
0 5 9 3
0 5 9 4
0 5 11 5
0 5 14 3
6 6 6 7
6 6 7 10
6 6 12 9
6 8 11 11
6 8 12 8
6 8 15 8
6 9 10 15
6 9 13 10
6 10 13 11
6 10 14 8
6 10 14 11
6 11 13 9
6 11 14 8
6 12 12 13
6 12 13 8
6 13 12 7
6 14 13 15
6 15 10 8
6 15 11 12
6 15 12 15
6 15 13 9
7 7 9 11
7 7 10 10
7 8 9 14
7 8 11 14
7 9 9 14
7 9 13 15
7 10 9 11
7 10 11 12
7 11 10 8
7 11 11 13
7 11 14 14
7 12 15 15
7 13 8 8
7 13 13 10
7 14 8 12
7 14 12 9
7 14 13 13
7 15 13 11
7 15 14 10
7 15 15 11
8 9 11 10
8 9 11 13
8 9 13 12
8 10 8 15
8 10 12 14
8 12 10 13
8 12 11 12
8 14 12 10
8 15 10 12
8 15 10 15
8 15 14 14
9 9 14 13
9 10 14 11
9 11 12 15
9 11 15 13
9 13 12 13
9 14 11 15
9 14 12 11
9 14 14 12
10 13 12 12
10 14 12 11
11 14 13 13
12 15 15 13
