13 7
0 0 1 3
0 0 3 3
0 0 4 1
0 0 4 3
0 1 5 4
0 1 6 2
0 1 8 4
0 1 10 4
0 1 11 2
0 1 12 2
0 1 13 2
0 1 13 3
0 2 6 1
0 2 7 1
0 2 7 3
0 2 8 1
0 2 9 3
0 2 10 4
0 2 11 3
0 2 11 4
0 2 13 2
0 3 5 3
0 3 5 4
0 3 6 3
0 3 7 1
0 3 10 4
0 3 11 2
0 3 12 1
0 3 12 4
0 4 8 1
0 4 9 2
0 4 10 2
0 4 12 1
0 4 12 2
0 4 13 1
0 4 13 4
5 5 11 7
5 5 12 11
5 6 7 9
5 6 10 11
5 6 11 6
5 6 12 7
5 7 7 9
5 7 9 9
5 7 11 9
5 8 10 8
5 8 13 6
5 9 7 13
5 9 9 13
5 9 10 11
5 9 10 13
5 10 13 6
5 11 5 13
5 11 12 10
5 12 7 6
5 12 7 8
5 12 9 6
5 13 12 11
6 6 8 12
6 6 13 13
6 7 9 7
6 7 12 8
6 8 9 8
6 9 9 7
6 9 12 9
6 10 8 9
6 10 10 7
6 11 7 8
6 11 10 11
6 12 8 7
6 12 11 8
6 13 9 8
7 7 13 13
7 8 11 8
7 9 12 11
7 10 8 10
7 10 8 13
7 11 9 11
7 12 13 11
8 8 10 9
8 8 10 13
8 11 9 10
8 11 12 12
8 12 10 11
8 12 13 12
9 9 12 12
9 13 10 10
10 10 10 12
10 13 11 11
10 13 12 13
11 13 13 13
