18 4
0 0 1 4
0 0 2 3
0 0 4 1
0 0 5 5
0 1 6 1
0 1 7 2
0 1 7 4
0 1 8 2
0 1 10 2
0 1 10 4
0 1 11 5
0 2 6 2
0 2 8 1
0 2 9 2
0 2 9 3
0 2 9 4
0 2 10 4
0 2 12 1
0 3 6 3
0 3 8 3
0 3 9 3
0 3 10 1
0 3 10 2
0 3 10 5
0 3 11 1
0 3 11 5
0 4 6 1
0 4 8 3
0 4 9 5
0 4 10 2
0 4 10 5
0 4 11 4
0 4 11 5
0 5 6 2
0 5 7 3
0 5 9 3
0 5 9 4
0 5 10 1
0 5 10 5
0 5 12 4
6 6 8 12
6 6 10 12
6 7 6 9
6 8 9 12
6 8 10 7
6 8 10 12
6 9 10 12
6 9 11 8
6 9 12 10
6 10 12 11
6 11 11 10
6 11 12 10
6 12 8 7
6 12 8 9
6 12 8 10
6 12 10 11
7 7 7 9
7 7 8 9
7 7 11 11
7 7 12 12
7 8 10 12
7 8 12 12
7 9 9 11
7 10 9 11
7 11 8 9
7 11 9 8
7 11 11 8
7 12 8 8
7 12 10 9
8 8 9 11
8 9 12 11
8 10 11 9
