16 12
0 0 1 2
0 0 3 2
0 0 4 5
0 0 5 3
0 1 10 4
0 1 11 1
0 1 12 2
0 1 12 4
0 1 13 2
0 1 14 3
0 1 16 1
0 1 17 5
0 1 18 3
0 1 19 4
0 2 6 4
0 2 7 1
0 2 10 5
0 2 11 3
0 2 11 5
0 2 12 2
0 2 13 5
0 2 16 4
0 2 17 5
0 2 19 4
0 2 20 1
0 3 6 3
0 3 9 5
0 3 10 4
0 3 12 2
0 3 14 1
0 3 16 1
0 3 16 4
0 3 19 4
0 3 20 2
0 4 6 4
0 4 7 1
0 4 8 5
0 4 9 2
0 4 9 5
0 4 10 1
0 4 12 1
0 4 15 3
0 4 18 1
0 5 7 3
0 5 9 2
0 5 14 3
0 5 15 2
0 5 16 3
0 5 17 1
0 5 17 3
0 5 17 5
0 5 20 2
6 6 8 8
6 6 11 11
6 7 7 13
6 7 9 17
6 7 13 8
6 7 17 20
6 7 19 15
6 8 12 11
6 9 16 18
6 9 17 17
6 11 7 18
6 11 15 18
6 11 16 17
6 11 19 14
6 12 19 9
6 12 19 14
6 13 7 11
6 13 16 16
6 14 20 14
6 15 13 19
6 15 20 11
6 16 8 9
6 17 10 13
6 18 10 13
6 18 12 20
6 18 18 15
6 19 8 7
6 19 8 8
6 19 9 7
6 19 9 15
6 19 10 10
6 19 13 14
6 19 16 17
6 19 20 12
6 20 13 20
6 20 18 12
6 20 19 7
7 7 14 17
7 8 11 16
7 8 13 17
7 8 17 12
7 9 9 11
7 12 8 9
7 12 8 12
7 12 10 11
7 12 15 20
7 13 11 10
7 13 13 19
7 15 10 8
7 15 10 15
7 15 13 11
7 15 18 20
7 16 10 16
7 16 11 17
7 16 11 19
7 17 8 19
7 17 9 18
7 17 9 19
7 18 8 8
7 18 8 12
7 18 8 15
7 18 18 9
7 20 10 17
7 20 19 11
8 8 8 12
8 9 8 20
8 11 15 17
8 12 17 18
8 13 18 11
8 14 9 15
8 14 10 12
8 14 10 19
8 15 10 13
8 15 10 20
8 15 13 20
8 15 20 20
8 16 10 10
8 16 11 14
8 16 16 17
8 18 9 16
8 18 19 9
8 19 18 17
8 20 11 14
9 9 17 14
9 10 13 17
9 10 18 13
9 11 17 17
9 12 16 13
9 14 11 19
9 14 16 10
9 14 19 16
9 15 10 19
9 15 16 18
9 15 17 10
9 16 11 13
9 16 13 15
9 16 18 17
9 16 19 16
9 17 12 12
9 17 18 13
9 18 10 17
9 19 20 12
9 20 14 12
10 10 12 12
10 12 11 14
10 12 14 11
10 12 19 14
10 13 11 12
10 13 14 18
10 15 17 16
10 15 20 14
10 17 14 18
10 17 15 20
10 18 10 20
10 19 13 20
11 13 14 18
11 13 18 12
11 14 13 16
11 14 20 15
11 15 14 15
11 15 16 14
11 17 19 20
11 17 20 13
11 19 19 18
11 20 16 17
12 12 15 13
12 13 19 16
12 15 17 18
12 16 20 13
12 18 19 14
12 20 15 19
13 13 16 20
13 18 14 15
13 20 14 15
13 20 18 18
14 14 16 15
14 14 20 19
14 15 16 15
14 18 18 19
14 20 16 20
