9 8
0 0 1 2
0 0 1 3
0 0 3 2
0 0 3 3
0 1 4 2
0 1 6 2
0 1 7 3
0 1 8 1
0 1 8 3
0 1 9 1
0 1 10 1
0 1 11 1
0 2 4 1
0 2 4 3
0 2 6 3
0 2 7 1
0 2 7 2
0 2 8 1
0 2 8 2
0 2 9 3
0 2 10 2
0 2 10 3
0 3 4 1
0 3 5 1
0 3 6 2
0 3 7 3
0 3 8 2
0 3 8 3
0 3 9 2
0 3 11 1
4 4 5 9
4 4 11 10
4 5 9 5
4 5 9 10
4 5 11 10
4 6 7 5
4 6 8 10
4 7 4 11
4 7 5 8
4 8 5 7
4 8 8 5
4 9 7 10
4 9 8 8
4 9 9 5
4 9 10 6
4 11 7 5
4 11 9 7
4 11 10 5
4 11 11 11
5 5 8 6
5 5 8 10
5 6 8 10
5 7 8 6
5 8 7 9
5 9 7 9
5 9 8 6
5 10 11 11
5 11 6 10
6 6 7 7
6 6 7 9
6 6 10 8
6 7 6 9
6 7 6 11
6 9 10 7
6 10 8 10
6 11 10 9
7 7 11 9
7 8 9 10
7 11 10 8
8 11 11 11
9 9 10 10
10 11 11 11
