12 9
0 0 1 1
0 0 2 2
0 0 4 2
0 0 4 3
0 1 5 3
0 1 6 4
0 1 7 1
0 1 7 4
0 1 9 1
0 1 10 2
0 1 13 2
0 1 13 4
0 1 14 4
0 2 5 1
0 2 6 3
0 2 7 3
0 2 8 4
0 2 9 1
0 2 9 2
0 2 14 1
0 2 14 2
0 2 14 4
0 3 8 2
0 3 8 3
0 3 9 3
0 3 9 4
0 3 10 2
0 3 11 1
0 3 11 3
0 3 12 1
0 3 12 2
0 4 5 1
0 4 6 1
0 4 6 2
0 4 8 3
0 4 10 4
0 4 11 3
0 4 11 4
5 5 10 9
5 5 13 10
5 6 8 8
5 7 6 9
5 7 7 6
5 7 12 8
5 8 14 10
5 9 6 9
5 9 10 8
5 9 11 10
5 9 11 14
5 9 12 8
5 9 12 12
5 9 14 7
5 10 8 10
5 10 8 11
5 10 10 9
5 11 6 6
5 11 14 7
5 12 9 10
5 12 13 9
5 12 13 12
5 13 6 7
5 13 6 14
5 13 10 7
5 13 10 9
5 14 8 9
6 6 14 10
6 6 14 11
6 7 10 7
6 7 13 9
6 7 14 12
6 8 10 14
6 8 12 7
6 9 6 11
6 9 13 12
6 10 12 7
6 11 12 12
6 12 14 13
6 13 7 9
6 13 12 11
6 13 13 7
6 14 8 10
6 14 14 8
7 8 12 14
7 9 13 11
7 11 9 11
7 11 10 8
7 11 13 11
7 12 8 13
7 12 13 11
7 12 14 10
7 13 11 9
7 13 12 13
7 13 14 8
7 14 11 12
7 14 13 11
8 8 9 11
8 8 10 10
8 8 14 9
8 10 12 12
8 11 14 10
8 12 13 10
8 13 9 14
8 13 14 10
9 10 11 12
9 14 11 12
10 11 11 11
10 12 13 13
11 11 14 14
