11 6
0 0 1 1
0 0 1 3
0 0 2 2
0 0 3 1
0 1 4 1
0 1 5 1
0 1 5 3
0 1 7 1
0 1 7 2
0 1 8 2
0 1 10 3
0 1 11 3
0 2 4 1
0 2 4 2
0 2 4 3
0 2 6 2
0 2 7 3
0 2 8 1
0 2 9 2
0 2 10 1
0 2 11 2
0 3 4 2
0 3 4 3
0 3 5 1
0 3 6 3
0 3 7 2
0 3 8 2
0 3 8 3
0 3 9 1
0 3 9 3
4 4 5 6
4 5 6 10
4 5 7 9
4 8 5 8
4 8 8 8
4 9 5 7
4 9 8 5
4 9 8 9
4 9 10 6
4 10 6 6
4 10 6 8
4 11 6 9
4 11 7 11
4 11 8 5
4 11 8 10
5 5 9 10
5 5 11 10
5 6 7 6
5 6 8 10
5 7 10 11
5 9 6 6
5 9 8 11
5 9 10 6
5 10 7 11
5 10 8 8
6 6 7 8
6 6 7 9
6 7 9 7
6 10 7 10
6 11 7 7
7 8 9 9
7 10 11 9
7 11 10 9
7 11 11 10
7 11 11 11
8 8 10 11
