19 10
0 0 1 4
0 0 2 2
0 0 3 5
0 0 4 5
0 1 6 4
0 1 7 2
0 1 10 1
0 1 12 5
0 1 14 1
0 1 16 2
0 1 16 3
0 1 17 1
0 1 17 3
0 1 18 1
0 2 7 2
0 2 7 5
0 2 9 2
0 2 9 3
0 2 12 4
0 2 14 3
0 2 14 5
0 2 15 1
0 2 16 4
0 2 18 5
0 3 8 2
0 3 8 4
0 3 9 3
0 3 11 3
0 3 12 2
0 3 13 4
0 3 14 5
0 3 15 3
0 3 16 3
0 3 18 5
0 4 9 1
0 4 11 4
0 4 11 5
0 4 12 4
0 4 15 1
0 4 15 3
0 4 17 1
0 4 17 2
0 4 18 2
0 4 18 4
0 5 6 2
0 5 7 1
0 5 10 4
0 5 13 1
0 5 13 2
0 5 15 5
0 5 16 3
0 5 17 4
0 5 18 1
0 5 18 3
6 6 8 10
6 7 12 19
6 8 10 17
6 8 14 9
6 8 18 18
6 9 6 16
6 9 7 17
6 9 14 16
6 9 17 9
6 10 9 14
6 10 14 19
6 11 10 18
6 11 16 13
6 11 16 19
6 11 18 10
6 11 19 16
6 12 11 16
6 12 17 12
6 13 7 13
6 13 12 18
6 14 7 12
6 14 12 15
6 15 10 17
6 15 16 16
6 15 18 8
6 15 19 8
6 15 19 11
6 16 8 19
6 16 12 18
6 16 14 9
6 16 15 13
6 16 17 13
6 17 6 18
6 17 9 19
6 17 16 15
6 18 15 14
6 18 18 18
6 19 9 17
6 19 11 7
7 7 7 11
7 7 9 14
7 7 15 13
7 7 19 10
7 8 12 17
7 8 14 13
7 8 19 13
7 9 14 11
7 10 7 18
7 10 11 12
7 11 12 9
7 11 16 14
7 11 18 18
7 12 9 9
7 12 9 17
7 12 12 17
7 12 19 13
7 13 13 9
7 13 15 13
7 13 18 13
7 13 19 10
7 14 12 9
7 14 13 15
7 14 19 14
7 15 14 11
7 16 9 16
7 16 18 13
7 17 13 19
7 18 15 10
8 8 10 12
8 8 11 19
8 8 14 16
8 9 12 12
8 9 13 15
8 10 10 16
8 10 17 17
8 11 8 14
8 11 13 9
8 11 14 13
8 11 14 15
8 11 16 19
8 11 18 12
8 11 19 13
8 13 12 12
8 13 14 13
8 14 10 12
8 14 12 11
8 15 12 16
8 15 18 17
8 17 8 18
8 17 10 18
8 17 14 16
8 18 10 9
8 19 9 10
8 19 17 9
8 19 18 9
9 10 13 16
9 11 9 15
9 11 14 17
9 12 17 19
9 15 10 12
9 16 19 19
9 17 18 17
9 17 19 18
9 18 11 10
9 18 16 17
9 19 13 12
10 10 11 19
10 10 12 15
10 10 14 13
10 11 16 19
10 12 12 14
10 13 11 18
10 13 17 15
10 13 18 11
10 15 17 14
10 17 18 13
10 18 11 17
10 19 14 15
10 19 17 16
10 19 18 16
11 13 19 15
11 14 19 15
11 15 19 15
11 16 14 17
11 17 13 12
11 17 18 17
11 19 16 12
12 14 19 13
12 15 15 19
12 16 16 15
12 18 16 15
13 16 16 15
13 17 16 19
14 14 14 15
14 14 15 15
15 19 19 19
