12 10
0 0 2 2
0 0 3 1
0 0 3 4
0 0 4 2
0 1 6 1
0 1 7 2
0 1 8 3
0 1 9 1
0 1 9 3
0 1 10 3
0 1 11 2
0 1 12 4
0 1 13 1
0 1 13 3
0 2 5 2
0 2 5 4
0 2 6 1
0 2 6 3
0 2 8 4
0 2 11 3
0 2 15 1
0 2 15 2
0 2 15 4
0 3 6 1
0 3 6 4
0 3 7 2
0 3 12 1
0 3 12 3
0 3 13 3
0 3 14 4
0 3 15 1
0 4 5 2
0 4 6 1
0 4 7 4
0 4 8 3
0 4 8 4
0 4 9 3
0 4 10 2
0 4 12 2
0 4 14 4
5 5 7 12
5 5 9 9
5 5 13 6
5 5 14 9
5 5 15 15
5 6 8 11
5 6 11 8
5 6 15 12
5 7 10 7
5 7 13 15
5 7 15 15
5 9 9 9
5 9 12 9
5 11 10 6
5 11 11 15
5 11 14 11
5 12 9 14
5 12 14 15
5 13 9 13
5 13 15 13
5 14 9 6
5 14 11 6
5 14 11 10
5 14 14 9
5 14 14 15
5 15 11 14
6 7 11 8
6 8 12 8
6 8 14 7
6 9 12 11
6 10 8 11
6 11 9 15
6 11 12 8
6 11 13 14
6 12 12 14
6 12 13 7
6 13 7 13
6 13 9 7
6 13 9 12
6 13 13 12
6 14 8 15
6 14 11 10
6 14 12 15
6 14 14 8
6 15 11 12
6 15 13 10
6 15 15 15
7 7 8 10
7 7 15 9
7 8 7 10
7 8 11 9
7 8 14 8
7 8 15 14
7 9 8 15
7 10 8 14
7 10 12 9
7 10 13 8
7 11 11 13
7 12 10 9
7 12 14 11
7 13 10 14
7 13 14 14
7 15 12 11
8 8 10 9
8 8 15 15
8 9 10 9
8 10 9 12
8 12 12 11
8 13 10 13
8 14 10 10
9 9 13 10
9 10 10 12
9 10 15 10
10 11 10 12
10 11 11 14
10 12 10 13
10 13 15 13
11 11 13 15
11 13 12 14
12 12 13 13
