16 10
0 0 1 3
0 0 1 4
0 0 2 3
0 0 3 3
0 1 7 1
0 1 7 3
0 1 9 1
0 1 9 4
0 1 11 1
0 1 11 2
0 1 11 3
0 1 15 2
0 1 17 2
0 1 17 3
0 2 5 2
0 2 6 2
0 2 7 4
0 2 8 2
0 2 10 2
0 2 11 1
0 2 12 1
0 2 15 2
0 2 15 3
0 2 16 1
0 2 17 4
0 3 6 4
0 3 8 2
0 3 8 3
0 3 9 1
0 3 10 3
0 3 11 1
0 3 13 2
0 3 14 4
0 3 15 2
0 3 16 4
0 3 17 3
0 4 8 4
0 4 9 2
0 4 11 1
0 4 12 3
0 4 12 4
0 4 13 1
0 4 14 1
0 4 14 4
0 4 15 1
0 4 15 4
0 4 16 4
0 4 17 3
5 5 5 9
5 5 8 16
5 5 14 15
5 5 16 7
5 5 16 16
5 6 7 17
5 6 9 13
5 6 12 10
5 6 15 17
5 7 10 9
5 7 12 11
5 8 9 14
5 8 10 13
5 8 11 10
5 8 15 8
5 9 7 17
5 9 11 9
5 9 14 11
5 10 12 16
5 11 9 8
5 11 14 11
5 12 6 13
5 12 14 13
5 14 9 6
5 14 10 12
5 15 6 6
5 16 14 17
5 16 16 10
5 17 7 7
5 17 11 6
5 17 15 6
6 6 9 10
6 7 8 12
6 7 9 9
6 7 12 15
6 8 7 14
6 8 17 11
6 8 17 14
6 9 7 17
6 9 14 10
6 10 7 10
6 10 9 11
6 10 15 11
6 12 6 13
6 12 13 12
6 14 7 17
6 14 8 9
6 14 16 9
6 15 8 12
6 15 12 14
6 15 13 11
6 15 17 11
6 16 7 14
6 16 10 16
6 16 14 10
7 7 13 12
7 8 16 13
7 8 17 16
7 9 9 8
7 9 9 10
7 10 11 10
7 11 8 9
7 11 14 17
7 12 15 17
7 12 17 16
7 13 15 15
7 13 17 9
7 13 17 16
7 15 14 14
7 16 10 10
7 16 13 10
7 16 15 12
7 17 11 10
7 17 16 14
8 8 10 9
8 10 11 16
8 11 17 14
8 12 13 9
8 13 9 12
8 13 11 12
8 14 12 11
8 14 13 13
8 14 14 12
8 15 12 14
8 16 9 15
8 16 13 12
8 16 15 15
8 16 16 12
8 16 17 14
8 17 13 11
9 9 13 17
9 11 14 15
9 11 17 16
9 13 11 15
9 15 10 13
10 10 13 13
10 11 14 13
10 12 12 12
10 12 13 11
10 13 12 12
10 13 13 16
10 13 14 15
10 14 13 13
10 15 15 13
10 15 16 12
11 11 15 17
11 12 15 17
11 13 17 13
11 16 17 15
12 14 16 14
12 15 14 16
15 16 17 17
