17 4
0 0 1 1
0 0 4 1
0 0 4 3
0 0 5 1
0 1 7 2
0 1 9 1
0 1 9 3
0 1 10 2
0 1 10 4
0 1 11 4
0 1 12 5
0 2 6 4
0 2 7 3
0 2 8 2
0 2 9 3
0 2 10 3
0 2 10 5
0 2 11 5
0 2 12 5
0 3 6 2
0 3 7 2
0 3 7 4
0 3 8 2
0 3 10 5
0 3 12 1
0 3 12 2
0 3 12 3
0 4 6 1
0 4 8 1
0 4 8 2
0 4 11 4
0 4 11 5
0 5 6 3
0 5 7 3
0 5 8 4
0 5 10 5
0 5 11 4
0 5 12 1
6 6 8 10
6 6 10 8
6 6 12 10
6 7 7 9
6 7 10 9
6 7 11 9
6 8 8 11
6 8 9 11
6 8 9 12
6 9 7 7
6 9 9 11
6 9 10 11
6 11 9 11
6 12 7 12
6 12 12 10
7 7 7 10
7 7 8 9
7 8 11 11
7 8 12 12
7 12 9 10
7 12 10 10
7 12 12 10
8 8 9 10
8 8 11 9
8 9 11 9
8 11 9 11
8 11 12 9
8 11 12 12
9 12 10 10
10 10 11 11
