11 10
0 0 1 2
0 0 1 3
0 0 2 3
0 0 4 3
0 1 5 1
0 1 11 1
0 1 11 2
0 1 12 1
0 1 12 2
0 1 13 4
0 1 14 1
0 1 14 2
0 2 6 1
0 2 6 4
0 2 7 3
0 2 10 4
0 2 11 1
0 2 11 2
0 2 12 4
0 2 13 2
0 2 13 4
0 3 5 2
0 3 6 3
0 3 8 4
0 3 9 3
0 3 9 4
0 3 10 1
0 3 10 3
0 3 12 1
0 3 15 4
0 4 5 3
0 4 8 2
0 4 10 1
0 4 10 2
0 4 10 3
0 4 12 1
0 4 13 4
0 4 15 2
5 5 6 7
5 5 10 14
5 5 11 11
5 6 12 6
5 6 12 7
5 7 9 15
5 8 7 13
5 8 8 10
5 9 7 6
5 9 7 13
5 9 11 11
5 9 14 10
5 10 5 15
5 11 5 15
5 12 10 6
5 12 13 6
5 13 10 13
5 13 15 8
5 13 15 9
5 14 6 6
5 14 6 14
5 15 9 9
6 6 7 15
6 7 13 12
6 7 15 14
6 8 8 10
6 9 8 14
6 9 11 9
6 9 11 10
6 9 12 11
6 9 13 10
6 9 13 15
6 10 9 14
6 11 9 8
6 11 13 14
6 14 6 15
6 15 12 8
7 7 8 8
7 7 13 13
7 7 14 15
7 8 11 9
7 8 11 12
7 8 12 10
7 8 15 14
7 9 12 10
7 10 12 11
7 10 15 14
7 12 10 15
7 12 11 12
7 12 14 9
7 13 13 10
7 13 13 11
7 14 15 12
7 15 14 15
8 8 8 9
8 9 11 10
8 9 12 14
8 9 14 13
8 11 9 12
8 11 10 14
8 11 11 10
8 13 14 10
8 14 9 13
8 15 12 11
8 15 14 13
9 12 11 14
9 13 12 15
10 12 10 14
10 14 15 15
10 15 13 15
11 11 14 15
11 12 11 13
