20 14
0 0 2 2
0 0 3 2
0 0 5 1
0 0 5 4
0 1 9 4
0 1 10 2
0 1 12 3
0 1 13 3
0 1 14 1
0 1 14 2
0 1 15 4
0 1 17 1
0 1 18 3
0 1 19 3
0 1 19 4
0 1 21 1
0 1 22 3
0 2 6 4
0 2 8 1
0 2 8 4
0 2 8 5
0 2 11 4
0 2 12 1
0 2 13 3
0 2 15 3
0 2 17 1
0 2 21 2
0 2 23 4
0 2 23 5
0 3 7 5
0 3 8 2
0 3 8 4
0 3 12 4
0 3 13 3
0 3 15 5
0 3 16 2
0 3 17 1
0 3 19 1
0 3 22 4
0 3 23 3
0 3 23 5
0 4 6 1
0 4 7 5
0 4 11 3
0 4 13 3
0 4 13 5
0 4 14 1
0 4 14 2
0 4 14 5
0 4 16 1
0 4 16 5
0 4 18 2
0 4 22 5
0 4 23 2
0 5 6 2
0 5 6 3
0 5 7 3
0 5 8 2
0 5 15 4
0 5 15 5
0 5 16 2
0 5 16 5
0 5 19 4
0 5 20 1
6 6 20 14
6 7 9 22
6 7 11 11
6 7 19 7
6 8 9 11
6 9 13 14
6 9 19 13
6 9 20 15
6 10 13 14
6 11 7 19
6 11 15 12
6 11 18 15
6 12 7 14
6 12 9 21
6 12 10 18
6 12 18 13
6 12 19 8
6 13 9 23
6 13 10 23
6 13 16 8
6 14 8 15
6 14 11 17
6 14 17 17
6 14 22 11
6 15 12 9
6 15 18 15
6 15 22 18
6 16 8 14
6 16 12 13
6 17 6 18
6 17 16 20
6 17 17 9
6 18 11 20
6 18 21 22
6 18 22 23
6 19 13 10
6 19 18 21
6 19 19 11
6 19 21 22
6 20 22 19
6 21 22 10
6 22 12 19
6 23 10 21
6 23 13 10
6 23 13 20
6 23 16 10
7 7 19 18
7 7 22 23
7 8 10 17
7 8 18 23
7 8 23 8
7 9 11 19
7 9 19 8
7 10 13 22
7 11 9 23
7 11 11 13
7 11 21 12
7 12 10 21
7 12 11 10
7 12 16 18
7 12 22 12
7 13 11 22
7 13 19 9
7 13 22 12
7 14 11 8
7 14 19 12
7 14 21 20
7 15 14 17
7 15 17 8
7 15 23 21
7 16 16 12
7 16 22 19
7 17 7 18
7 18 12 8
7 18 14 19
7 18 20 22
7 18 21 10
7 19 17 13
7 20 10 16
7 20 12 16
7 20 13 9
7 20 15 20
7 21 14 19
7 21 17 21
7 22 14 22
7 23 19 16
8 8 13 23
8 9 15 21
8 9 20 17
8 9 22 14
8 10 18 11
8 10 23 20
8 11 8 17
8 13 16 15
8 13 19 10
8 14 13 20
8 15 14 14
8 16 10 15
8 16 12 9
8 16 13 20
8 16 13 22
8 16 19 16
8 16 20 19
8 17 8 20
8 17 9 20
8 17 15 15
8 17 15 17
8 17 18 12
8 18 13 14
8 18 13 23
8 18 15 22
8 18 19 10
8 20 17 13
8 21 22 11
8 22 12 21
8 22 18 17
9 9 17 17
9 9 18 15
9 9 19 19
9 10 19 12
9 10 23 16
9 10 23 23
9 12 11 20
9 13 17 21
9 13 18 21
9 14 12 17
9 14 13 15
9 14 18 14
9 15 16 12
9 16 14 22
9 16 20 16
9 17 12 21
9 18 12 10
9 18 13 15
9 20 11 12
9 20 12 11
9 20 15 14
9 20 23 16
9 21 10 15
9 21 12 15
9 21 14 11
9 21 20 12
9 22 10 23
9 22 17 16
9 23 12 11
10 10 17 22
10 10 19 20
10 11 11 22
10 11 14 20
10 11 15 12
10 11 16 23
10 12 13 14
10 12 19 18
10 13 15 18
10 15 10 17
10 15 13 16
10 16 17 18
10 17 20 15
10 19 17 21
10 19 19 18
10 20 20 11
10 21 12 11
10 21 13 23
10 21 20 17
10 21 20 23
10 22 18 21
10 22 20 23
10 23 13 20
11 13 18 17
11 14 23 23
11 15 14 19
11 15 20 17
11 15 21 18
11 16 22 16
11 16 23 15
11 17 13 14
11 17 14 18
11 19 15 15
11 19 19 13
11 20 12 12
11 20 22 19
11 21 22 21
11 21 23 18
11 22 12 23
11 22 21 13
12 15 21 14
12 15 22 14
12 16 17 14
12 16 17 20
12 17 16 19
12 21 18 23
12 22 16 17
12 23 16 23
13 14 13 21
13 15 16 23
13 16 15 20
13 19 15 16
13 23 17 21
13 23 17 23
14 17 21 20
14 19 15 18
14 19 18 19
14 20 16 16
14 21 21 23
14 21 22 21
14 22 16 17
14 22 18 16
14 23 21 20
15 22 20 22
15 22 22 16
15 23 22 18
16 19 18 20
17 18 17 23
18 19 23 23
18 20 19 20
21 21 21 22
