11 7
0 0 1 2
0 0 4 2
0 0 4 3
0 0 4 4
0 1 5 1
0 1 6 3
0 1 7 1
0 1 8 1
0 1 8 3
0 1 9 1
0 1 10 4
0 2 5 2
0 2 7 1
0 2 7 2
0 2 7 4
0 2 9 4
0 2 10 3
0 2 10 4
0 2 12 4
0 3 5 3
0 3 6 1
0 3 7 1
0 3 7 2
0 3 7 3
0 3 8 2
0 3 10 1
0 3 12 4
0 4 5 2
0 4 7 4
0 4 8 2
0 4 8 3
0 4 9 3
5 5 7 12
5 5 12 10
5 6 5 11
5 6 6 6
5 6 8 9
5 7 9 6
5 8 7 6
5 8 8 7
5 9 8 8
5 9 11 11
5 9 12 9
5 10 8 11
5 10 10 12
5 11 6 8
5 11 6 10
5 11 8 9
5 11 8 12
5 11 9 8
5 12 10 7
6 6 10 10
6 6 10 11
6 8 8 11
6 8 9 12
6 9 6 10
6 9 7 9
6 9 10 12
6 10 7 11
6 10 9 10
6 10 11 12
6 11 7 11
6 12 11 7
7 8 7 9
7 8 11 9
7 8 12 10
7 9 12 10
7 10 9 11
7 11 12 8
7 12 10 12
7 12 11 11
8 9 10 11
8 9 11 12
8 12 12 12
9 10 9 11
9 11 12 12
10 12 12 11
