20 15
0 0 1 1
0 0 3 3
0 0 4 1
0 0 5 1
0 1 8 4
0 1 10 3
0 1 14 1
0 1 14 3
0 1 14 4
0 1 16 1
0 1 16 5
0 1 17 4
0 1 19 2
0 1 20 4
0 1 23 1
0 1 23 5
0 1 24 1
0 2 6 5
0 2 7 5
0 2 8 1
0 2 13 5
0 2 14 2
0 2 15 4
0 2 17 1
0 2 17 2
0 2 18 1
0 2 19 5
0 2 21 4
0 2 22 1
0 2 24 2
0 3 7 2
0 3 7 4
0 3 8 2
0 3 8 4
0 3 9 3
0 3 15 5
0 3 16 3
0 3 17 5
0 3 19 3
0 3 21 4
0 3 21 5
0 3 22 4
0 4 7 5
0 4 8 1
0 4 8 2
0 4 9 2
0 4 9 5
0 4 12 4
0 4 14 3
0 4 17 2
0 4 20 2
0 4 21 5
0 4 23 3
0 4 24 1
0 5 7 3
0 5 9 3
0 5 11 3
0 5 13 2
0 5 14 2
0 5 14 4
0 5 15 3
0 5 17 2
0 5 19 5
0 5 20 4
0 5 22 1
0 5 23 3
6 6 11 8
6 6 17 7
6 6 20 11
6 7 13 17
6 7 15 17
6 7 19 12
6 8 10 7
6 8 23 14
6 9 20 16
6 9 20 20
6 10 8 21
6 10 14 9
6 12 7 20
6 12 8 16
6 12 11 11
6 12 24 17
6 14 14 7
6 15 11 12
6 15 19 13
6 16 8 20
6 16 13 22
6 16 15 12
6 16 24 7
6 17 9 9
6 18 6 20
6 18 9 18
6 18 12 13
6 18 24 19
6 19 16 22
6 19 17 19
6 20 13 21
6 20 13 24
6 20 16 7
6 20 19 10
6 21 9 19
6 21 9 22
6 21 17 22
6 21 24 18
6 22 14 24
6 22 16 23
6 23 9 9
6 23 15 22
6 23 16 19
6 23 17 20
6 23 18 22
6 23 21 22
6 24 15 15
6 24 18 7
6 24 18 14
7 7 17 10
7 8 22 20
7 9 18 16
7 10 9 11
7 10 16 23
7 10 17 16
7 11 12 12
7 11 19 18
7 11 24 19
7 12 7 15
7 12 9 16
7 12 16 9
7 12 20 10
7 13 15 11
7 14 15 17
7 15 21 23
7 16 8 18
7 16 12 24
7 17 9 17
7 17 18 21
7 17 23 22
7 18 19 8
7 18 22 22
7 19 11 8
7 19 13 9
7 19 21 22
7 20 18 20
7 21 10 19
7 21 16 18
7 22 11 23
7 22 12 14
7 23 11 17
7 23 13 13
7 23 15 8
7 24 12 13
7 24 17 13
7 24 18 8
8 8 24 19
8 9 11 11
8 9 14 20
8 9 15 11
8 9 17 10
8 9 21 18
8 10 11 19
8 10 19 12
8 11 8 21
8 11 12 18
8 11 15 16
8 12 10 9
8 12 20 16
8 13 18 15
8 15 9 10
8 15 9 14
8 15 10 12
8 15 15 24
8 15 19 20
8 15 23 16
8 18 11 17
8 18 23 24
8 18 24 24
8 19 16 13
8 20 12 12
8 20 20 16
8 21 17 9
8 22 9 21
8 22 17 10
8 22 19 18
8 22 23 9
8 23 9 21
8 23 24 12
8 24 11 21
9 9 17 20
9 10 15 12
9 10 19 13
9 10 20 13
9 12 10 14
9 12 17 17
9 12 22 21
9 13 11 15
9 14 11 13
9 14 18 21
9 16 20 15
9 17 19 24
9 17 24 17
9 18 21 10
9 19 24 24
9 20 19 11
9 21 20 10
9 22 9 23
9 22 15 15
9 24 21 11
10 10 23 23
10 12 16 16
10 12 19 11
10 13 20 14
10 14 16 12
10 14 20 11
10 14 23 22
10 15 14 13
10 15 16 17
10 15 18 13
10 16 10 19
10 18 12 13
10 18 14 18
10 18 21 15
10 18 21 19
10 18 22 18
10 19 14 12
10 20 15 11
10 20 22 20
10 21 19 22
10 21 21 18
10 22 18 15
10 23 20 21
10 23 20 24
10 23 21 22
10 23 22 14
10 24 13 17
10 24 13 22
11 11 12 18
11 11 18 14
11 11 23 23
11 12 13 21
11 12 14 23
11 13 13 14
11 15 15 15
11 16 12 21
11 16 24 18
11 17 19 13
11 18 11 24
11 18 12 24
11 18 14 23
11 18 16 14
11 19 19 17
11 19 20 20
11 23 15 20
11 24 18 16
12 13 13 16
12 14 12 20
12 14 15 16
12 14 22 23
12 17 14 13
12 17 14 14
12 17 16 18
12 17 19 13
12 20 21 24
12 21 12 23
13 13 16 22
13 13 19 14
13 14 20 14
13 15 15 16
13 16 13 22
13 16 17 19
13 18 22 17
13 19 19 24
13 20 14 17
13 20 23 15
13 20 24 16
13 21 20 22
13 22 15 19
13 22 23 19
13 22 24 19
14 14 24 23
14 15 23 21
14 20 15 24
14 20 18 17
14 21 19 21
14 23 19 16
14 24 16 22
14 24 21 21
15 19 22 17
15 21 17 21
15 22 24 16
15 23 24 20
15 24 22 17
16 18 23 21
16 20 22 21
16 23 17 21
16 23 22 23
16 24 21 23
17 20 17 24
17 22 21 22
18 19 23 23
18 21 22 19
22 24 24 24
