16 4
0 0 1 1
0 0 2 3
0 0 3 3
0 0 4 2
0 1 5 4
0 1 6 1
0 1 7 1
0 1 8 1
0 1 9 4
0 1 10 3
0 1 11 2
0 1 11 3
0 2 5 2
0 2 5 3
0 2 8 2
0 2 8 3
0 2 8 4
0 2 9 4
0 2 10 4
0 2 11 4
0 3 6 1
0 3 6 2
0 3 7 1
0 3 8 3
0 3 9 2
0 3 10 3
0 3 10 4
0 3 11 2
0 4 5 2
0 4 6 3
0 4 7 1
0 4 8 4
0 4 9 1
0 4 10 1
0 4 10 4
0 4 11 2
5 5 11 7
5 5 11 10
5 6 5 10
5 6 7 8
5 6 7 11
5 7 5 11
5 7 6 8
5 7 7 8
5 8 9 11
5 9 6 6
5 10 9 6
5 11 6 9
5 11 7 6
5 11 11 6
6 6 7 9
6 8 10 9
6 9 7 9
6 9 10 10
6 11 8 10
6 11 10 7
6 11 11 10
7 7 8 8
7 7 9 10
7 8 10 8
7 11 9 9
8 9 8 11
8 9 9 10
8 10 9 10
