13 10
0 0 1 1
0 0 1 3
0 0 2 1
0 0 2 3
0 1 5 1
0 1 5 2
0 1 8 2
0 1 9 4
0 1 10 1
0 1 10 2
0 1 11 4
0 1 14 3
0 1 15 4
0 2 6 2
0 2 7 2
0 2 8 3
0 2 9 4
0 2 10 2
0 2 13 3
0 2 14 1
0 2 14 2
0 2 15 4
0 3 5 4
0 3 8 1
0 3 8 2
0 3 12 1
0 3 12 4
0 3 14 3
0 3 15 1
0 3 15 2
0 3 15 3
0 3 16 2
0 4 5 1
0 4 6 3
0 4 7 3
0 4 7 4
0 4 9 1
0 4 11 3
0 4 13 1
0 4 14 4
0 4 16 2
0 4 16 4
5 5 6 7
5 5 7 7
5 5 16 10
5 6 11 16
5 7 6 8
5 8 5 15
5 8 8 8
5 8 12 12
5 8 12 14
5 8 16 6
5 9 10 7
5 9 11 9
5 10 9 16
5 10 12 15
5 12 10 16
5 12 12 11
5 13 5 16
5 13 10 13
5 13 11 12
5 14 8 13
5 14 13 6
5 14 13 11
5 14 16 15
5 15 7 6
5 16 9 7
6 6 8 9
6 6 11 9
6 6 14 15
6 7 9 7
6 7 15 8
6 9 6 11
6 9 6 12
6 9 7 14
6 9 10 13
6 9 12 15
6 9 13 12
6 10 8 9
6 11 12 15
6 11 14 14
6 12 11 7
6 12 12 9
6 12 12 14
6 14 11 7
6 14 13 8
6 15 8 16
6 15 12 16
7 7 7 14
7 7 7 15
7 9 10 15
7 10 12 8
7 10 13 11
7 10 15 16
7 12 14 14
7 13 8 14
7 13 9 16
7 13 16 13
7 14 12 16
7 14 15 15
7 16 10 15
7 16 13 8
8 8 11 13
8 10 11 11
8 10 14 14
8 11 13 15
8 13 16 13
8 14 10 12
8 15 14 16
8 15 16 13
8 16 9 10
8 16 11 10
9 9 13 11
9 10 9 11
9 10 12 15
9 11 16 11
9 13 14 11
9 15 11 10
9 15 13 11
9 16 10 11
10 11 16 15
10 13 15 15
10 14 13 16
10 14 15 12
10 14 16 11
10 15 13 12
10 16 12 13
11 11 16 12
11 16 12 12
12 13 13 14
