9 7
0 0 1 2
0 0 2 1
0 0 2 3
0 0 3 1
0 1 4 1
0 1 4 2
0 1 4 3
0 1 5 2
0 1 6 3
0 1 7 1
0 1 8 1
0 1 8 3
0 1 9 3
0 2 4 1
0 2 5 1
0 2 5 2
0 2 6 2
0 2 7 2
0 2 9 1
0 2 10 1
0 3 4 3
0 3 5 2
0 3 5 3
0 3 6 2
0 3 6 3
0 3 7 2
0 3 8 1
0 3 10 3
4 4 7 10
4 5 4 10
4 5 10 10
4 6 4 10
4 6 7 5
4 6 8 9
4 6 10 10
4 7 8 5
4 8 6 7
4 8 6 9
4 8 8 10
4 9 6 10
4 9 9 9
4 9 10 7
4 9 10 8
4 10 10 9
5 5 5 9
5 5 10 7
5 6 5 7
5 6 7 7
5 6 8 7
5 7 7 8
5 7 8 9
5 7 9 8
5 8 9 6
5 9 7 8
5 10 6 6
6 6 9 8
6 7 7 10
6 8 6 9
6 8 7 10
6 10 7 7
7 8 10 8
8 8 8 9
9 9 9 10
