18 14
0 0 1 1
0 0 3 1
0 0 3 2
0 0 5 2
0 1 6 3
0 1 6 5
0 1 7 5
0 1 8 4
0 1 8 5
0 1 9 1
0 1 10 4
0 1 11 4
0 1 13 3
0 1 16 2
0 1 18 3
0 2 7 1
0 2 7 2
0 2 7 3
0 2 14 1
0 2 15 1
0 2 16 2
0 2 17 5
0 2 18 2
0 2 18 4
0 2 18 5
0 2 19 1
0 2 21 5
0 3 6 2
0 3 10 2
0 3 11 5
0 3 12 3
0 3 12 5
0 3 16 4
0 3 17 3
0 3 21 3
0 3 21 5
0 3 22 4
0 4 6 2
0 4 7 1
0 4 7 3
0 4 8 2
0 4 10 4
0 4 13 3
0 4 15 4
0 4 16 4
0 4 17 1
0 4 18 1
0 4 20 4
0 4 21 3
0 5 6 2
0 5 7 2
0 5 7 4
0 5 8 3
0 5 12 3
0 5 12 4
0 5 13 5
0 5 18 1
0 5 21 5
0 5 22 1
0 5 22 5
6 6 6 17
6 6 17 19
6 6 18 20
6 7 10 19
6 8 14 10
6 9 7 22
6 9 9 16
6 9 13 12
6 9 16 15
6 9 20 18
6 10 11 10
6 10 12 12
6 10 14 21
6 10 21 20
6 14 9 10
6 14 17 8
6 14 21 14
6 15 15 17
6 15 18 15
6 16 11 20
6 16 15 15
6 16 21 15
6 17 6 20
6 17 8 19
6 17 11 17
6 18 14 15
6 18 17 9
6 19 7 8
6 19 22 18
6 20 7 10
6 20 12 19
6 20 17 13
6 20 18 15
6 20 20 11
6 21 11 15
6 21 12 17
6 22 8 19
6 22 10 21
6 22 12 18
6 22 14 22
7 7 17 10
7 7 18 13
7 7 20 10
7 8 11 13
7 8 19 9
7 9 13 21
7 9 22 11
7 10 7 22
7 10 13 18
7 10 13 19
7 10 15 8
7 10 16 9
7 10 20 8
7 12 8 16
7 12 11 9
7 12 14 12
7 12 14 17
7 13 11 10
7 13 19 13
7 14 9 10
7 14 20 9
7 15 21 10
7 16 14 8
7 16 19 16
7 16 19 17
7 18 8 20
7 18 15 14
7 19 14 14
7 19 15 22
7 19 22 21
7 20 8 20
7 21 12 20
7 21 14 16
7 22 21 20
8 8 21 17
8 9 14 16
8 9 20 10
8 10 13 13
8 10 18 13
8 10 18 19
8 10 20 9
8 11 16 13
8 11 16 19
8 11 19 17
8 12 12 20
8 12 16 13
8 12 18 9
8 12 20 22
8 13 15 22
8 13 19 22
8 14 13 19
8 14 18 11
8 14 18 22
8 15 11 22
8 16 14 19
8 17 9 9
8 17 16 13
8 17 18 18
8 19 11 11
8 19 13 15
8 19 22 14
8 20 14 12
8 21 10 15
8 21 12 14
8 21 17 12
8 22 19 15
9 9 14 11
9 9 16 19
9 9 18 16
9 9 22 18
9 11 22 19
9 12 11 11
9 12 11 17
9 12 13 10
9 12 20 10
9 12 21 18
9 13 12 18
9 13 20 14
9 14 14 19
9 16 18 14
9 17 16 11
9 17 19 21
9 17 21 10
9 18 16 21
9 19 10 17
9 20 13 11
9 21 12 16
9 21 13 22
9 21 22 20
9 22 19 18
10 10 15 15
10 10 19 22
10 11 21 21
10 12 12 18
10 12 18 12
10 13 11 16
10 13 14 14
10 15 12 19
10 16 16 21
10 17 16 19
10 17 22 22
10 20 18 13
11 11 13 17
11 11 13 20
11 12 13 15
11 12 16 12
11 12 16 16
11 14 14 12
11 15 15 20
11 15 18 15
11 15 21 21
11 16 14 20
11 17 12 16
11 17 14 18
11 17 17 14
11 18 18 17
11 19 18 15
11 19 19 22
11 19 20 16
11 20 17 16
11 21 22 18
12 14 14 21
12 19 16 22
12 20 21 18
12 20 21 20
12 22 15 22
12 22 22 13
13 13 14 20
13 13 21 17
13 15 20 15
13 15 21 17
13 18 13 22
13 18 19 22
13 18 20 14
13 21 22 16
13 22 14 16
13 22 15 19
14 15 17 15
14 18 15 19
14 19 21 21
14 20 17 21
14 21 17 15
15 16 15 20
15 16 22 17
15 18 20 22
15 19 17 22
15 19 20 16
15 22 21 16
16 19 20 17
16 19 22 20
17 17 18 22
17 21 20 21
