19 19
0 0 2 3
0 0 2 5
0 0 3 2
0 0 5 5
0 1 6 2
0 1 7 3
0 1 8 4
0 1 9 1
0 1 14 5
0 1 15 2
0 1 16 3
0 1 18 1
0 1 18 4
0 1 22 4
0 1 23 2
0 1 23 4
0 1 23 5
0 1 24 4
0 1 26 3
0 2 7 3
0 2 8 1
0 2 13 5
0 2 15 3
0 2 18 5
0 2 20 1
0 2 21 1
0 2 22 1
0 2 22 2
0 2 23 2
0 2 25 4
0 2 26 2
0 2 26 4
0 3 6 5
0 3 7 3
0 3 7 5
0 3 11 2
0 3 11 3
0 3 12 2
0 3 13 1
0 3 14 2
0 3 14 3
0 3 17 5
0 3 18 1
0 3 19 3
0 3 26 2
0 4 8 4
0 4 9 4
0 4 10 2
0 4 11 1
0 4 12 2
0 4 12 5
0 4 13 4
0 4 15 1
0 4 15 5
0 4 16 2
0 4 19 1
0 4 22 3
0 4 25 3
0 4 26 5
0 5 6 4
0 5 7 3
0 5 9 1
0 5 12 4
0 5 14 1
0 5 16 2
0 5 17 5
0 5 19 3
0 5 19 5
0 5 21 4
0 5 24 1
0 5 25 1
0 5 25 4
6 6 11 20
6 6 14 16
6 6 16 9
6 7 7 13
6 7 19 10
6 7 24 25
6 8 15 24
6 8 16 11
6 8 23 25
6 9 12 11
6 9 14 7
6 9 26 7
6 10 15 20
6 10 17 18
6 10 22 25
6 11 10 20
6 11 11 18
6 11 20 20
6 11 20 25
6 12 15 7
6 12 15 21
6 12 19 16
6 12 21 10
6 13 7 9
6 13 14 9
6 13 22 17
6 14 25 21
6 15 8 22
6 15 21 25
6 15 22 20
6 16 14 25
6 16 18 20
6 16 20 12
6 16 26 18
6 17 20 8
6 18 24 11
6 18 25 12
6 19 17 11
6 21 8 20
6 21 9 23
6 21 10 7
6 21 18 15
6 22 7 8
6 22 24 21
6 23 15 16
6 23 18 18
6 23 22 25
6 23 23 10
6 24 18 13
6 24 18 21
6 24 19 18
6 24 21 7
6 24 23 20
6 26 21 21
7 7 25 21
7 8 10 9
7 8 15 12
7 8 17 12
7 8 19 8
7 8 19 17
7 8 20 26
7 8 25 17
7 9 13 18
7 9 14 8
7 11 22 10
7 12 11 21
7 13 14 9
7 13 23 10
7 13 23 12
7 13 24 15
7 15 22 11
7 16 7 24
7 16 14 11
7 16 15 26
7 18 12 25
7 19 21 10
7 19 21 22
7 20 13 12
7 20 15 15
7 21 21 15
7 21 25 23
7 23 9 9
7 23 9 19
7 23 19 17
7 23 26 10
7 24 9 15
7 24 9 25
7 24 20 14
7 24 24 20
7 24 26 24
7 25 8 19
7 25 9 25
7 25 12 12
7 25 17 16
7 25 26 24
7 26 24 19
8 8 10 23
8 8 20 24
8 9 24 10
8 10 16 21
8 10 20 12
8 10 25 17
8 11 18 14
8 12 11 26
8 12 13 15
8 12 19 15
8 12 23 25
8 13 13 9
8 13 13 10
8 13 17 21
8 13 18 14
8 13 20 14
8 13 22 9
8 14 16 26
8 15 24 19
8 16 11 16
8 16 26 20
8 17 13 19
8 17 14 22
8 17 23 26
8 18 22 13
8 19 11 18
8 20 12 13
8 20 17 26
8 21 10 14
8 21 15 15
8 22 14 19
8 22 25 22
8 24 17 10
8 24 20 25
8 25 21 23
8 26 9 22
8 26 14 9
8 26 20 9
9 9 10 26
9 11 14 13
9 11 20 18
9 11 23 24
9 12 12 19
9 12 12 26
9 12 17 23
9 12 20 12
9 13 20 17
9 14 20 14
9 16 11 26
9 16 13 22
9 17 13 23
9 17 18 15
9 17 24 16
9 18 14 18
9 18 20 12
9 18 20 23
9 18 21 14
9 19 16 24
9 19 17 14
9 19 23 21
9 22 9 25
9 22 19 20
9 22 26 17
9 23 18 25
9 24 21 24
9 25 11 23
9 25 15 11
9 26 25 17
10 10 20 14
10 10 20 21
10 10 22 23
10 10 26 17
10 12 14 18
10 12 21 13
10 13 11 16
10 13 11 17
10 13 19 19
10 14 10 24
10 14 14 21
10 14 16 14
10 14 21 26
10 14 25 15
10 15 16 20
10 16 19 26
10 16 20 26
10 19 16 11
10 19 19 11
10 21 18 11
10 21 23 24
10 21 26 19
10 22 11 22
10 22 14 12
10 22 26 14
10 23 18 11
10 24 21 13
10 25 14 15
10 26 17 11
10 26 18 11
11 11 18 15
11 12 23 13
11 16 12 13
11 16 24 22
11 17 21 19
11 17 23 26
11 18 13 22
11 18 22 23
11 19 11 22
11 19 15 18
11 20 12 22
11 20 20 19
11 20 23 20
11 21 17 25
11 22 13 21
11 23 15 23
11 25 13 18
11 25 20 26
11 25 24 12
11 26 19 16
12 13 12 22
12 14 21 26
12 15 21 17
12 16 12 25
12 17 15 25
12 17 16 18
12 17 19 15
12 17 23 23
12 18 18 16
12 19 14 20
12 22 19 13
12 22 23 19
12 23 17 19
12 24 25 26
12 24 26 18
12 26 26 18
13 13 26 19
13 16 15 21
13 16 17 15
13 16 21 21
13 16 22 25
13 16 24 22
13 17 26 22
13 21 15 15
13 23 14 17
13 23 14 21
13 23 23 18
13 24 17 14
13 25 14 14
13 25 20 26
13 25 22 17
14 14 14 20
14 14 17 20
14 16 19 18
14 17 19 22
14 20 15 24
14 23 20 15
14 25 21 24
14 26 17 19
14 26 20 23
15 15 20 17
15 15 26 24
15 16 20 16
15 16 24 16
15 19 21 17
15 19 23 16
15 20 17 25
15 21 15 24
15 22 16 22
15 22 21 17
15 23 25 23
15 24 24 18
16 16 19 25
16 17 19 24
16 18 23 26
16 18 26 17
16 21 20 19
16 21 26 26
16 24 23 18
16 26 22 18
17 18 25 22
17 19 24 25
17 20 18 22
17 21 22 19
17 22 22 22
17 25 18 26
18 22 24 23
18 23 21 24
18 24 22 22
18 26 19 22
19 19 20 25
19 23 25 25
20 24 24 21
20 26 21 24
23 24 26 25
