14 8
0 0 2 1
0 0 2 2
0 0 4 1
0 0 4 4
0 1 7 3
0 1 8 4
0 1 9 1
0 1 10 3
0 1 10 4
0 1 12 2
0 1 13 2
0 1 14 2
0 1 15 1
0 1 15 2
0 2 6 2
0 2 8 2
0 2 9 4
0 2 11 3
0 2 12 1
0 2 13 1
0 2 13 4
0 2 14 2
0 3 5 4
0 3 6 3
0 3 6 4
0 3 7 3
0 3 9 3
0 3 9 4
0 3 11 1
0 3 11 4
0 3 12 3
0 3 14 2
0 4 5 1
0 4 7 2
0 4 7 4
0 4 8 3
0 4 10 1
0 4 10 3
0 4 11 1
0 4 11 3
5 5 8 12
5 5 8 13
5 5 8 14
5 5 13 8
5 6 5 9
5 6 10 6
5 6 13 13
5 7 10 10
5 7 11 11
5 7 15 9
5 8 14 7
5 9 7 14
5 9 8 8
5 9 11 13
5 9 11 15
5 9 15 14
5 10 12 9
5 10 13 6
5 11 8 9
5 12 6 8
5 15 6 11
5 15 7 10
5 15 13 6
6 6 6 7
6 6 11 10
6 7 8 10
6 7 11 11
6 7 11 13
6 7 14 9
6 8 11 7
6 10 9 14
6 12 8 8
6 12 11 9
6 13 8 15
6 13 12 7
6 14 10 13
6 14 11 12
6 15 7 15
6 15 14 11
7 7 15 11
7 9 10 10
7 9 13 9
7 9 15 14
7 11 14 9
7 12 8 13
7 12 15 12
7 14 8 8
7 14 10 12
7 14 13 8
7 14 13 12
8 8 9 11
8 9 10 9
8 10 8 14
8 10 10 15
8 12 13 10
8 12 15 15
8 15 12 13
9 11 14 11
9 12 9 13
9 12 10 15
9 13 12 14
9 15 12 12
10 10 14 13
10 11 12 15
10 11 15 14
10 12 11 11
10 12 12 12
10 12 15 15
11 14 13 14
11 15 13 15
12 14 13 15
13 13 14 14
