20 11
0 0 1 2
0 0 1 3
0 0 2 4
0 0 5 5
0 1 6 1
0 1 6 3
0 1 8 3
0 1 9 2
0 1 10 4
0 1 10 5
0 1 11 5
0 1 14 4
0 1 17 5
0 1 18 1
0 2 8 2
0 2 9 3
0 2 11 2
0 2 15 1
0 2 15 2
0 2 16 4
0 2 17 3
0 2 18 3
0 2 19 4
0 2 20 2
0 2 20 3
0 3 6 5
0 3 7 1
0 3 11 4
0 3 11 5
0 3 12 1
0 3 12 5
0 3 15 3
0 3 15 5
0 3 16 1
0 3 16 5
0 3 18 3
0 3 20 4
0 4 7 1
0 4 7 3
0 4 10 2
0 4 12 1
0 4 13 1
0 4 16 4
0 4 18 1
0 4 19 3
0 4 19 4
0 4 20 2
0 4 21 2
0 5 6 4
0 5 10 1
0 5 11 5
0 5 12 4
0 5 14 2
0 5 15 1
0 5 16 3
0 5 19 5
0 5 20 2
0 5 21 2
6 6 11 21
6 7 6 21
6 8 6 15
6 8 13 11
6 8 13 21
6 8 21 17
6 10 9 20
6 10 12 9
6 10 12 16
6 11 7 17
6 11 13 8
6 11 16 13
6 12 15 21
6 12 18 17
6 13 7 21
6 13 11 10
6 13 16 8
6 14 10 21
6 14 14 17
6 15 10 11
6 15 19 7
6 16 11 13
6 16 16 8
6 16 17 17
6 17 10 14
6 17 16 15
6 18 9 7
6 18 9 9
6 18 18 13
6 19 9 13
6 19 10 19
6 19 13 13
6 19 13 15
6 19 18 19
6 19 20 16
6 20 12 7
6 20 18 14
7 7 12 18
7 7 20 17
7 8 10 17
7 8 20 15
7 8 20 17
7 9 7 14
7 9 19 17
7 9 19 18
7 9 20 8
7 10 19 11
7 10 19 13
7 11 12 21
7 11 13 10
7 12 11 10
7 12 18 14
7 13 15 13
7 13 20 17
7 14 16 10
7 14 16 12
7 14 18 15
7 15 7 17
7 15 19 9
7 16 13 11
7 16 19 17
7 17 10 8
7 20 14 11
7 20 20 11
7 20 20 19
7 21 9 8
7 21 13 8
7 21 18 21
8 8 14 15
8 8 16 15
8 8 17 20
8 9 10 9
8 10 10 15
8 10 11 19
8 10 14 19
8 10 17 12
8 10 19 16
8 11 16 15
8 12 13 11
8 12 14 12
8 12 18 12
8 12 18 16
8 12 20 19
8 12 21 17
8 14 9 9
8 15 8 16
8 15 12 18
8 18 11 13
8 18 12 15
8 18 21 15
8 19 13 9
8 20 17 9
9 9 21 12
9 10 17 10
9 11 21 17
9 12 15 10
9 12 18 11
9 12 18 21
9 13 10 19
9 13 15 19
9 13 16 21
9 13 20 20
9 14 11 13
9 14 12 21
9 14 14 20
9 15 16 12
9 15 21 21
9 16 17 15
9 18 15 13
9 18 15 15
9 19 12 13
9 19 16 15
9 19 19 14
9 21 13 12
9 21 16 10
10 11 17 18
10 11 18 21
10 14 10 19
10 14 16 13
10 14 18 12
10 14 19 20
10 14 20 17
10 14 20 20
10 18 11 21
10 18 17 20
10 19 12 12
10 21 13 20
11 11 13 17
11 11 17 21
11 11 18 14
11 13 14 15
11 13 18 17
11 13 20 19
11 16 13 14
11 19 21 14
11 21 12 20
11 21 15 12
11 21 18 19
12 12 19 19
12 18 20 14
12 20 16 18
12 20 20 17
12 21 14 19
13 16 14 17
13 16 16 17
13 17 17 14
13 17 18 20
13 18 15 15
14 16 18 16
14 17 15 15
14 17 20 18
14 18 14 21
14 20 16 19
14 20 20 16
14 21 17 15
15 16 20 16
15 17 20 21
15 19 16 21
15 21 17 16
16 16 18 18
17 21 19 19
17 21 21 18
