12 8
0 0 2 3
0 0 3 4
0 0 4 1
0 0 4 2
0 1 5 4
0 1 6 3
0 1 7 1
0 1 8 4
0 1 9 2
0 1 9 3
0 1 11 3
0 1 14 2
0 1 14 4
0 2 6 4
0 2 7 2
0 2 7 4
0 2 9 1
0 2 10 1
0 2 11 3
0 2 13 1
0 2 13 3
0 3 5 2
0 3 6 4
0 3 7 4
0 3 8 2
0 3 10 1
0 3 10 2
0 3 12 2
0 3 14 2
0 4 5 3
0 4 6 1
0 4 6 3
0 4 9 1
0 4 11 3
0 4 11 4
0 4 12 1
5 5 5 13
5 5 13 11
5 5 14 14
5 6 6 10
5 6 8 6
5 6 10 14
5 7 8 9
5 7 8 11
5 7 12 8
5 8 7 13
5 8 8 14
5 8 9 10
5 9 11 8
5 10 5 12
5 10 7 7
5 11 11 9
5 12 6 10
5 12 10 10
5 13 13 6
5 13 13 10
6 6 10 13
6 7 10 12
6 8 11 11
6 8 13 8
6 9 7 7
6 10 9 14
6 10 12 12
6 10 14 10
6 11 12 12
6 12 6 14
6 13 14 14
6 14 7 12
6 14 9 12
6 14 10 10
7 7 12 10
7 7 14 13
7 8 11 8
7 10 13 8
7 10 14 9
7 11 8 12
7 11 13 11
7 12 8 11
7 12 13 13
7 13 10 8
7 13 12 9
7 14 12 9
8 8 11 11
8 9 9 9
8 9 11 14
8 12 9 9
8 12 12 13
8 13 9 14
8 14 11 9
9 9 9 10
9 13 12 11
9 14 11 10
9 14 11 11
10 12 13 14
10 13 11 14
12 13 13 14
