18 7
0 0 2 1
0 0 3 3
0 0 3 5
0 0 4 2
0 1 8 1
0 1 8 3
0 1 9 1
0 1 11 1
0 1 11 4
0 1 12 3
0 1 13 2
0 1 14 2
0 1 14 5
0 1 16 5
0 2 7 4
0 2 9 3
0 2 10 4
0 2 11 5
0 2 12 1
0 2 12 4
0 2 13 1
0 2 14 2
0 3 6 3
0 3 7 2
0 3 9 1
0 3 11 2
0 3 11 5
0 3 14 2
0 3 16 3
0 4 6 5
0 4 7 1
0 4 9 4
0 4 10 2
0 4 10 5
0 4 11 3
0 4 15 4
0 4 16 5
0 5 6 2
0 5 8 1
0 5 8 3
0 5 8 4
0 5 9 1
0 5 10 5
0 5 11 4
0 5 13 4
0 5 14 3
6 6 8 16
6 6 11 7
6 6 14 7
6 7 11 11
6 8 16 9
6 9 9 15
6 9 14 12
6 9 15 7
6 10 13 13
6 10 14 16
6 10 15 8
6 10 15 12
6 11 6 16
6 11 7 16
6 11 13 8
6 11 13 9
6 11 15 7
6 12 8 8
6 12 8 16
6 12 12 10
6 12 12 15
6 13 10 7
6 13 14 11
6 14 15 12
6 15 16 7
6 16 10 11
6 16 12 16
7 7 7 13
7 7 11 12
7 7 13 9
7 8 10 14
7 8 13 11
7 8 13 13
7 8 14 10
7 9 13 15
7 10 9 15
7 10 11 12
7 11 15 15
7 11 16 10
7 13 8 12
7 14 10 12
7 14 12 9
7 15 8 8
7 16 8 9
7 16 8 13
7 16 9 16
8 8 9 15
8 10 8 15
8 10 12 12
8 11 14 9
8 11 14 16
8 12 12 16
8 12 15 9
8 13 11 15
8 14 10 10
8 14 10 15
8 15 13 16
9 9 9 16
9 9 10 14
9 9 12 11
9 9 13 11
9 10 14 12
9 13 11 11
9 13 16 12
9 14 9 16
10 11 10 13
10 13 15 16
10 14 12 12
10 14 13 13
10 14 15 11
10 15 14 15
10 15 15 13
10 16 15 15
10 16 16 11
12 13 14 13
12 13 14 14
12 14 16 13
12 14 16 15
13 14 15 16
14 16 15 15
