17 16
0 0 1 1
0 0 3 1
0 0 4 3
0 0 5 2
0 1 6 2
0 1 10 3
0 1 12 1
0 1 14 2
0 1 14 5
0 1 18 1
0 1 18 2
0 1 19 4
0 1 21 1
0 1 22 1
0 1 23 4
0 1 23 5
0 2 7 5
0 2 8 3
0 2 9 4
0 2 12 3
0 2 14 4
0 2 14 5
0 2 15 5
0 2 16 5
0 2 18 2
0 2 19 5
0 2 21 3
0 2 22 3
0 2 23 1
0 3 6 3
0 3 9 4
0 3 10 4
0 3 11 5
0 3 13 4
0 3 14 2
0 3 15 3
0 3 18 1
0 3 18 4
0 3 20 1
0 3 22 2
0 4 6 4
0 4 11 5
0 4 13 5
0 4 15 3
0 4 16 4
0 4 16 5
0 4 20 1
0 4 21 4
0 4 21 5
0 4 22 2
0 4 23 2
0 5 7 1
0 5 7 2
0 5 12 3
0 5 14 2
0 5 15 1
0 5 19 3
0 5 20 4
0 5 21 1
0 5 21 2
0 5 21 3
0 5 23 2
6 6 10 19
6 6 20 17
6 7 8 16
6 7 10 22
6 8 7 13
6 8 18 11
6 8 22 8
6 9 18 17
6 9 19 17
6 9 20 17
6 10 10 9
6 11 6 14
6 11 9 20
6 11 10 17
6 11 15 21
6 11 16 15
6 12 13 22
6 12 17 22
6 12 20 11
6 13 6 19
6 13 7 14
6 13 12 14
6 13 20 15
6 14 7 11
6 14 14 11
6 15 22 7
6 16 8 9
6 18 7 10
6 18 16 16
6 19 17 12
6 20 11 7
6 20 15 12
6 20 17 11
6 21 8 15
6 21 8 22
6 22 8 9
6 22 11 14
6 22 11 17
6 22 12 16
6 23 10 20
6 23 15 19
6 23 16 11
6 23 18 13
7 7 9 18
7 7 16 14
7 8 12 21
7 8 13 19
7 8 20 13
7 8 23 18
7 9 8 15
7 9 12 23
7 9 16 13
7 9 21 20
7 10 8 22
7 10 15 19
7 13 9 23
7 13 10 18
7 13 10 20
7 13 20 18
7 15 9 16
7 15 12 18
7 16 22 23
7 17 11 17
7 17 12 15
7 18 11 14
7 19 12 19
7 20 11 15
7 21 10 18
7 21 13 11
7 21 13 16
7 21 18 9
7 21 23 11
7 22 9 11
7 22 20 9
7 23 9 10
7 23 11 16
7 23 16 19
7 23 17 11
7 23 17 20
7 23 19 13
8 8 14 16
8 8 23 13
8 10 10 15
8 11 9 14
8 11 15 17
8 12 8 13
8 12 16 12
8 13 9 14
8 13 9 16
8 13 10 15
8 13 23 17
8 14 15 9
8 14 21 9
8 14 23 20
8 15 10 19
8 15 20 16
8 17 15 17
8 18 23 17
8 19 14 19
8 19 16 15
8 20 12 19
8 20 17 15
8 20 22 19
8 21 9 16
8 21 16 20
8 21 22 16
8 22 9 11
8 22 12 15
8 22 12 16
8 22 19 21
8 23 21 10
9 9 14 11
9 10 10 22
9 11 12 11
9 12 18 22
9 13 15 23
9 13 21 17
9 14 11 17
9 14 12 19
9 14 12 22
9 14 13 15
9 14 14 15
9 15 12 16
9 16 18 16
9 16 19 11
9 17 11 11
9 17 18 15
9 18 20 12
9 19 13 17
9 19 20 13
9 20 19 23
9 21 22 12
9 22 23 22
10 10 17 17
10 12 16 14
10 13 12 23
10 13 15 13
10 14 13 22
10 15 13 21
10 16 11 23
10 16 17 17
10 16 17 22
10 16 18 14
10 16 19 20
10 16 20 19
10 16 22 22
10 17 14 11
10 17 14 16
10 18 17 18
10 19 11 19
10 20 12 23
10 20 14 18
10 20 18 13
10 20 21 19
10 21 20 17
10 22 12 11
10 22 15 17
10 23 12 15
10 23 12 21
10 23 21 12
11 12 12 23
11 13 18 13
11 15 18 13
11 16 18 20
11 17 22 22
11 18 14 17
11 18 14 18
11 18 21 17
11 19 18 12
11 19 22 19
11 21 22 19
11 22 12 20
12 12 12 20
12 14 15 18
12 17 15 15
12 17 18 14
12 18 18 20
12 19 15 15
12 20 18 20
12 22 21 22
12 23 22 21
13 14 21 17
13 15 13 16
13 16 16 17
13 16 21 23
13 17 15 20
13 18 22 22
13 19 23 19
13 23 16 16
13 23 17 14
13 23 20 14
14 15 18 17
14 15 20 19
14 17 21 21
14 19 16 19
14 19 20 17
14 21 23 20
14 22 21 23
14 23 16 19
15 18 19 18
15 19 23 17
15 21 16 21
15 22 19 17
16 21 19 23
17 20 21 19
18 18 21 19
18 20 23 23
18 21 19 21
18 22 20 20
21 21 21 22
