20 19
0 0 2 1
0 0 2 4
0 0 3 4
0 0 5 5
0 1 7 2
0 1 7 5
0 1 8 3
0 1 10 6
0 1 11 3
0 1 11 6
0 1 12 1
0 1 16 4
0 1 16 6
0 1 19 4
0 1 22 2
0 1 24 6
0 1 25 6
0 2 12 3
0 2 15 5
0 2 18 2
0 2 19 6
0 2 20 1
0 2 21 6
0 2 24 3
0 2 25 1
0 2 25 2
0 2 26 2
0 2 26 4
0 3 8 5
0 3 10 1
0 3 12 6
0 3 13 2
0 3 13 5
0 3 15 5
0 3 17 2
0 3 18 4
0 3 19 3
0 3 26 5
0 3 27 6
0 4 7 3
0 4 8 3
0 4 9 1
0 4 14 2
0 4 14 5
0 4 20 2
0 4 21 3
0 4 23 6
0 4 24 1
0 4 24 2
0 4 24 4
0 4 25 5
0 5 7 5
0 5 12 2
0 5 12 4
0 5 13 1
0 5 14 1
0 5 15 3
0 5 16 1
0 5 16 4
0 5 17 1
0 5 20 6
0 5 26 5
0 6 7 4
0 6 10 2
0 6 13 3
0 6 15 6
0 6 16 1
0 6 18 5
0 6 19 3
0 6 19 4
0 6 20 4
0 6 21 1
0 6 21 3
0 6 25 2
7 7 13 17
7 7 21 18
7 7 22 21
7 8 20 16
7 9 8 12
7 9 16 13
7 9 22 21
7 10 9 25
7 11 8 27
7 11 14 27
7 11 15 17
7 12 20 23
7 12 21 15
7 12 27 17
7 13 21 18
7 13 25 14
7 13 27 9
7 14 15 26
7 14 17 12
7 14 19 16
7 14 24 24
7 15 7 17
7 16 12 13
7 16 16 26
7 16 21 18
7 16 26 18
7 17 16 19
7 18 24 25
7 19 10 25
7 19 23 14
7 20 17 16
7 20 22 25
7 20 24 18
7 21 13 11
7 22 11 16
7 22 20 16
7 23 14 23
7 24 10 22
7 24 12 14
7 24 14 22
7 24 22 19
7 25 12 21
7 25 12 23
7 25 19 24
7 25 20 19
7 25 21 21
7 25 24 10
7 25 25 23
7 26 15 15
7 26 17 11
7 26 25 13
7 26 27 11
7 27 18 17
8 8 14 15
8 8 14 19
8 8 24 23
8 9 20 13
8 9 21 11
8 9 24 21
8 9 25 23
8 10 8 16
8 10 19 17
8 10 22 23
8 10 26 19
8 11 12 13
8 11 12 21
8 11 12 22
8 11 16 10
8 12 8 24
8 12 9 11
8 12 15 16
8 13 9 27
8 13 10 9
8 13 14 20
8 13 17 15
8 13 18 25
8 14 18 19
8 16 22 11
8 17 13 17
8 17 15 15
8 17 21 17
8 18 14 25
8 19 11 17
8 19 14 13
8 19 15 10
8 20 15 9
8 20 27 19
8 21 10 9
8 22 10 20
8 22 19 17
8 22 24 9
8 23 9 26
8 23 13 25
8 23 16 11
8 23 22 19
8 24 13 22
8 24 25 15
8 25 14 19
8 25 18 25
8 25 21 25
8 26 15 14
8 26 18 22
8 27 14 17
8 27 15 14
9 9 16 19
9 10 17 14
9 10 18 17
9 11 9 24
9 11 20 26
9 11 21 12
9 13 16 23
9 13 18 27
9 15 9 17
9 15 9 18
9 15 15 15
9 15 17 21
9 15 18 16
9 15 27 20
9 15 27 24
9 16 19 14
9 17 24 20
9 17 24 22
9 17 26 21
9 18 16 10
9 18 20 12
9 18 20 13
9 19 11 12
9 19 27 12
9 20 18 15
9 22 14 20
9 22 20 20
9 23 13 12
9 23 20 11
9 23 22 16
9 23 22 22
9 23 22 24
9 23 23 14
9 24 11 16
9 24 21 14
9 26 10 26
9 26 15 21
9 26 17 17
9 26 19 19
9 26 23 18
9 27 11 17
10 10 11 11
10 10 11 15
10 11 23 25
10 12 12 19
10 12 18 26
10 12 22 26
10 12 26 27
10 13 12 21
10 13 15 11
10 13 27 21
10 14 11 23
10 14 17 16
10 14 20 15
10 14 26 25
10 15 16 14
10 15 26 18
10 16 10 20
10 16 13 17
10 17 11 27
10 17 12 11
10 18 11 17
10 18 27 18
10 19 20 18
10 19 24 15
10 20 17 15
10 20 18 17
10 20 19 22
10 20 21 26
10 20 25 22
10 22 11 19
10 22 26 18
10 23 23 18
10 23 27 22
10 24 18 14
10 25 25 23
10 26 22 13
10 27 17 25
10 27 18 13
10 27 19 27
11 11 21 26
11 11 22 16
11 11 23 16
11 13 12 18
11 14 27 19
11 14 27 24
11 15 27 26
11 17 17 14
11 17 24 20
11 18 17 26
11 18 25 14
11 19 26 17
11 23 14 27
11 23 18 24
11 23 23 14
11 23 25 27
11 24 16 25
11 24 17 24
11 24 22 15
11 24 26 22
11 26 12 15
11 26 13 22
11 26 21 12
11 26 27 18
12 12 12 20
12 12 17 13
12 14 21 27
12 15 16 25
12 15 23 18
12 16 13 27
12 16 14 17
12 18 23 21
12 18 27 21
12 19 15 18
12 19 23 25
12 20 16 27
12 20 25 23
12 22 14 19
12 22 19 21
12 22 23 25
12 23 18 24
12 23 21 26
12 23 23 13
12 24 23 15
12 25 22 27
12 25 23 23
12 26 15 22
12 27 24 13
13 13 20 17
13 13 20 21
13 15 19 26
13 15 23 19
13 15 27 21
13 16 17 17
13 16 23 21
13 17 20 21
13 19 27 17
13 20 17 25
13 21 17 23
13 21 20 26
13 22 16 17
13 24 19 27
13 24 26 18
13 25 24 24
13 25 25 19
13 26 27 16
13 26 27 25
13 27 15 15
13 27 17 19
14 14 22 18
14 15 25 26
14 16 22 26
14 16 23 20
14 17 15 24
14 17 20 21
14 18 18 20
14 19 18 21
14 19 21 23
14 19 21 25
14 19 25 20
14 21 25 16
14 22 19 15
14 22 22 26
14 23 16 22
14 26 22 25
14 27 19 16
14 27 21 24
15 16 15 20
15 16 21 23
15 19 18 20
15 19 23 26
15 21 24 20
15 23 20 24
15 24 27 21
16 16 23 22
16 18 17 20
16 18 20 18
16 21 24 24
16 22 27 22
16 25 18 26
16 25 20 25
16 26 22 27
16 27 27 21
16 27 27 22
17 18 19 25
17 21 25 20
17 22 26 24
18 18 27 21
18 21 19 21
18 23 22 21
18 26 22 26
18 27 20 21
19 19 27 20
19 20 24 24
19 23 26 22
19 27 21 24
20 22 26 21
20 22 27 24
20 25 21 21
20 26 23 24
22 24 23 27
22 27 24 23
