15 6
0 0 1 3
0 0 2 3
0 0 3 3
0 0 4 3
0 1 5 1
0 1 6 2
0 1 8 2
0 1 11 1
0 1 11 2
0 1 12 1
0 1 12 2
0 1 13 2
0 1 13 3
0 2 5 1
0 2 5 3
0 2 5 4
0 2 8 2
0 2 8 4
0 2 9 4
0 2 10 2
0 2 12 1
0 2 12 4
0 3 7 1
0 3 7 3
0 3 8 3
0 3 9 1
0 3 9 3
0 3 10 1
0 3 12 2
0 3 12 4
0 4 5 2
0 4 7 4
0 4 8 1
0 4 9 4
0 4 12 4
0 4 13 1
0 4 13 2
0 4 13 4
5 5 7 6
5 5 12 6
5 6 10 13
5 6 11 7
5 7 7 6
5 7 7 7
5 7 8 6
5 7 8 8
5 7 11 9
5 8 8 10
5 8 10 6
5 9 5 13
5 9 12 11
5 9 13 12
5 11 8 13
5 11 9 6
5 12 7 10
5 12 12 10
5 13 7 11
5 13 13 7
6 6 6 10
6 6 10 11
6 7 6 9
6 7 8 8
6 7 13 8
6 8 9 12
6 9 8 7
6 9 9 11
6 9 12 11
6 10 11 11
6 10 11 12
6 10 11 13
6 10 13 11
6 12 9 13
6 12 11 13
7 10 8 8
7 11 8 10
7 11 9 9
7 11 10 8
7 11 10 9
7 12 10 9
7 12 10 13
7 13 12 11
8 8 9 12
8 10 10 9
8 10 11 12
8 11 9 10
8 11 13 9
8 13 13 10
9 10 13 13
9 13 13 12
10 12 12 11
