19 14
0 0 1 5
0 0 3 4
0 0 4 5
0 0 5 2
0 1 6 5
0 1 7 4
0 1 10 2
0 1 13 1
0 1 13 4
0 1 15 5
0 1 16 3
0 1 16 5
0 1 17 1
0 1 20 5
0 1 21 4
0 1 22 2
0 2 7 1
0 2 8 4
0 2 8 5
0 2 9 4
0 2 9 5
0 2 10 2
0 2 13 3
0 2 14 4
0 2 15 4
0 2 17 3
0 2 18 1
0 2 19 2
0 2 20 4
0 3 8 3
0 3 8 4
0 3 11 2
0 3 14 1
0 3 14 5
0 3 15 2
0 3 17 1
0 3 18 5
0 3 20 1
0 3 21 3
0 3 21 5
0 4 10 3
0 4 11 2
0 4 11 3
0 4 11 5
0 4 12 2
0 4 12 4
0 4 14 4
0 4 16 3
0 4 18 1
0 4 20 1
0 4 20 3
0 5 6 1
0 5 6 2
0 5 7 3
0 5 11 1
0 5 16 1
0 5 16 3
0 5 17 2
0 5 18 1
0 5 18 2
0 5 20 2
0 5 20 3
6 6 7 14
6 6 20 8
6 6 20 16
6 7 12 19
6 7 13 7
6 7 13 9
6 7 16 16
6 7 20 7
6 8 6 12
6 8 7 11
6 8 8 8
6 8 12 13
6 9 10 22
6 9 12 9
6 9 16 19
6 10 11 19
6 10 13 14
6 11 18 19
6 11 19 12
6 12 6 20
6 12 8 9
6 12 20 14
6 12 21 11
6 13 7 11
6 13 11 14
6 13 14 13
6 13 18 22
6 14 9 10
6 15 18 22
6 16 7 13
6 17 9 9
6 17 15 15
6 17 21 7
6 17 21 22
6 19 19 19
6 20 8 16
6 20 9 13
6 20 12 13
6 21 16 7
6 22 9 10
6 22 11 21
6 22 13 17
6 22 17 13
6 22 19 20
7 7 21 13
7 9 8 17
7 9 15 10
7 9 21 18
7 10 7 16
7 10 13 8
7 10 22 8
7 11 10 12
7 11 16 9
7 11 20 17
7 12 14 22
7 12 16 11
7 12 16 14
7 12 18 11
7 13 15 14
7 14 17 22
7 14 19 21
7 15 11 15
7 15 17 8
7 15 20 15
7 16 13 8
7 16 22 19
7 17 22 14
7 18 17 10
7 18 20 13
7 19 14 17
7 20 17 17
7 21 9 12
7 21 10 13
7 21 14 21
7 21 16 19
7 22 17 11
7 22 21 12
7 22 21 20
8 9 9 12
8 9 12 17
8 9 20 15
8 9 22 16
8 10 10 10
8 10 10 22
8 10 19 18
8 10 22 21
8 11 12 13
8 12 11 22
8 12 13 17
8 13 21 19
8 14 8 22
8 14 10 20
8 14 14 19
8 15 11 10
8 16 18 18
8 17 10 13
8 17 10 15
8 17 16 10
8 18 16 18
8 18 21 14
8 19 22 21
8 20 15 15
8 20 15 16
8 20 17 19
8 20 19 13
8 21 12 20
8 21 17 17
8 21 22 11
8 22 10 9
8 22 10 20
8 22 13 15
9 10 9 14
9 10 11 11
9 10 11 20
9 10 16 15
9 11 12 20
9 11 13 18
9 11 15 17
9 12 18 15
9 13 17 21
9 13 20 17
9 14 19 18
9 15 14 21
9 15 22 18
9 16 10 10
9 16 12 10
9 16 22 10
9 17 15 13
9 17 15 19
9 17 21 21
9 18 12 20
9 18 13 21
9 18 16 11
9 18 19 17
9 19 12 19
9 20 17 11
9 21 19 19
9 22 21 22
10 12 15 12
10 13 22 21
10 16 15 13
10 16 19 19
10 16 21 19
10 17 10 20
10 17 13 21
10 19 20 13
10 20 12 22
10 21 18 15
10 22 12 17
10 22 18 22
10 22 19 16
10 22 21 16
11 11 11 17
11 11 14 16
11 11 15 18
11 11 17 15
11 12 17 18
11 13 17 20
11 13 18 14
11 15 18 19
11 15 22 14
11 16 16 18
11 18 16 19
11 18 21 18
11 18 21 19
11 19 20 18
11 20 22 22
12 12 15 18
12 12 19 22
12 14 15 14
12 15 14 15
12 15 19 20
12 15 20 16
12 16 15 15
12 17 21 13
12 18 14 13
12 19 13 14
12 19 15 14
12 20 15 14
12 20 19 16
12 21 15 20
12 22 14 17
13 13 14 14
13 14 15 22
13 18 13 21
13 18 19 15
13 21 20 16
13 22 14 14
13 22 21 17
14 14 18 15
14 16 15 15
14 16 17 17
14 17 14 19
14 17 16 22
14 19 17 20
14 20 18 16
14 21 17 19
15 16 19 20
15 19 22 16
16 16 19 21
16 19 16 21
18 18 18 22
18 18 20 21
18 19 21 21
