17 6
0 0 1 4
0 0 3 2
0 0 3 4
0 0 4 1
0 1 6 1
0 1 6 3
0 1 7 1
0 1 9 4
0 1 10 2
0 1 10 3
0 1 11 2
0 1 12 3
0 1 13 3
0 1 14 4
0 2 5 1
0 2 5 4
0 2 6 1
0 2 6 4
0 2 7 2
0 2 8 2
0 2 9 1
0 2 11 3
0 2 12 1
0 2 12 3
0 2 14 4
0 3 5 2
0 3 7 2
0 3 7 4
0 3 8 4
0 3 9 3
0 3 11 1
0 3 11 2
0 3 13 3
0 4 8 1
0 4 8 2
0 4 9 1
0 4 10 1
0 4 11 3
0 4 11 4
0 4 13 2
0 4 14 2
0 4 14 3
5 5 11 11
5 6 9 7
5 6 10 6
5 6 11 8
5 6 14 10
5 7 12 14
5 7 13 10
5 8 7 14
5 8 10 8
5 8 12 14
5 8 14 7
5 9 10 8
5 9 12 11
5 9 14 7
5 10 7 7
5 10 8 6
5 12 6 13
5 12 6 14
5 12 8 10
5 12 10 8
5 12 11 10
5 12 13 11
5 13 6 6
5 13 8 10
6 6 7 7
6 7 6 8
6 7 9 14
6 7 10 7
6 7 13 14
6 9 7 14
6 10 7 14
6 10 12 9
6 11 8 14
6 11 14 9
6 12 9 13
6 14 13 12
7 8 7 13
7 9 11 11
7 10 11 8
7 11 12 12
7 12 14 10
7 13 13 13
8 8 13 9
8 8 13 11
8 9 8 10
8 9 10 10
8 9 11 9
8 10 12 13
9 9 14 13
9 11 13 13
9 12 11 12
9 12 13 14
9 13 10 11
9 13 14 11
9 14 11 12
9 14 12 13
10 11 12 13
10 12 13 11
10 13 12 11
10 14 14 12
