17 5
0 0 1 2
0 0 4 5
0 0 5 2
0 0 5 5
0 1 7 1
0 1 7 3
0 1 8 5
0 1 9 2
0 1 9 4
0 1 10 3
0 1 13 5
0 2 6 3
0 2 7 1
0 2 7 3
0 2 7 4
0 2 8 2
0 2 9 1
0 2 10 2
0 2 13 5
0 3 7 1
0 3 8 4
0 3 9 1
0 3 10 3
0 3 10 4
0 3 11 2
0 3 12 2
0 3 13 4
0 4 6 5
0 4 7 2
0 4 8 4
0 4 10 3
0 4 12 1
0 4 12 4
0 4 13 3
0 5 9 1
0 5 9 3
0 5 9 5
0 5 10 1
0 5 10 4
0 5 11 5
6 6 7 10
6 6 7 11
6 6 9 8
6 6 11 7
6 6 12 11
6 7 9 8
6 8 8 7
6 8 9 9
6 9 7 10
6 9 11 11
6 9 13 8
6 10 7 7
6 11 10 10
6 12 9 8
6 12 11 12
6 12 12 8
6 13 7 13
6 13 9 8
6 13 10 12
6 13 11 10
6 13 12 11
7 7 10 8
7 7 10 11
7 7 11 13
7 8 7 13
7 8 13 10
7 10 13 13
7 11 10 9
7 12 9 12
8 9 8 12
8 9 9 13
8 9 11 11
8 9 13 12
8 10 13 9
8 10 13 13
8 11 12 11
8 12 11 11
8 12 11 13
8 13 12 9
8 13 12 10
9 10 12 12
9 11 12 11
9 12 12 10
10 11 13 12
10 13 11 11
