17 13
0 0 1 2
0 0 3 4
0 0 4 2
0 0 5 5
0 1 6 1
0 1 8 1
0 1 8 3
0 1 9 2
0 1 9 3
0 1 12 5
0 1 13 3
0 1 18 3
0 1 18 4
0 1 19 1
0 1 19 3
0 2 7 1
0 2 7 2
0 2 11 5
0 2 13 2
0 2 13 5
0 2 14 5
0 2 16 3
0 2 17 5
0 2 18 5
0 2 19 2
0 2 19 3
0 3 7 1
0 3 9 4
0 3 11 1
0 3 11 2
0 3 12 4
0 3 13 5
0 3 19 1
0 3 19 4
0 3 20 3
0 3 21 5
0 4 8 2
0 4 10 3
0 4 14 3
0 4 14 4
0 4 15 5
0 4 16 4
0 4 17 5
0 4 18 4
0 4 19 1
0 4 20 1
0 5 6 4
0 5 10 1
0 5 15 1
0 5 15 2
0 5 16 3
0 5 16 4
0 5 18 2
0 5 20 1
0 5 20 2
0 5 20 4
6 6 12 17
6 6 20 21
6 7 8 7
6 7 8 11
6 7 14 7
6 8 14 9
6 8 18 10
6 9 7 7
6 10 6 19
6 10 8 18
6 10 9 12
6 10 14 8
6 10 15 10
6 10 17 19
6 11 8 21
6 11 9 18
6 11 10 12
6 11 14 15
6 11 21 14
6 12 11 10
6 13 7 7
6 13 10 11
6 13 13 11
6 14 9 20
6 14 14 12
6 14 16 12
6 15 8 20
6 15 21 11
6 16 7 19
6 17 9 9
6 17 11 13
6 17 16 10
6 17 18 13
6 18 15 9
6 18 15 15
6 19 15 8
6 20 8 8
6 20 17 7
6 20 21 10
6 21 11 11
6 21 15 10
7 7 21 13
7 8 10 18
7 8 11 15
7 8 13 20
7 8 16 9
7 9 16 17
7 9 21 18
7 10 14 17
7 10 14 21
7 10 21 12
7 11 11 11
7 11 15 9
7 11 20 13
7 12 8 14
7 12 9 21
7 12 12 18
7 12 19 13
7 12 19 21
7 14 8 15
7 14 20 13
7 15 12 17
7 15 13 10
7 15 15 9
7 15 15 16
7 16 10 12
7 16 16 17
7 16 17 11
7 17 14 17
7 20 14 11
7 21 17 14
7 21 18 17
8 9 9 21
8 9 10 13
8 9 10 14
8 9 16 13
8 10 16 17
8 11 10 18
8 11 16 15
8 11 19 12
8 12 13 9
8 12 13 12
8 12 13 16
8 13 19 11
8 14 9 15
8 14 12 21
8 14 20 16
8 16 14 10
8 16 15 20
8 16 17 19
8 17 9 21
8 17 18 18
8 19 10 19
8 19 10 20
8 19 16 21
8 21 15 19
8 21 17 21
8 21 19 12
9 9 19 20
9 11 10 18
9 12 14 16
9 12 16 11
9 13 15 18
9 13 18 16
9 14 12 12
9 14 13 10
9 14 18 17
9 14 19 12
9 14 20 16
9 16 15 10
9 16 19 15
9 17 11 21
9 17 14 17
9 17 18 21
9 18 21 13
9 19 16 14
9 19 18 15
9 21 11 20
10 10 21 11
10 12 14 12
10 13 17 13
10 14 20 15
10 16 18 20
10 17 11 19
10 17 15 19
10 17 17 15
10 18 18 20
10 20 12 20
10 21 12 14
11 12 14 20
11 12 17 21
11 13 19 16
11 13 21 17
11 13 21 19
11 14 20 16
11 16 17 12
11 18 12 20
11 18 18 16
11 19 20 19
12 13 13 21
12 16 20 16
12 16 21 14
12 18 16 15
12 19 19 18
12 21 13 21
12 21 19 15
13 13 18 17
13 15 17 17
13 15 19 17
13 15 19 20
13 16 15 15
13 19 20 17
13 20 19 20
13 20 20 20
13 21 21 19
14 15 21 18
14 16 21 18
14 18 18 19
14 20 18 15
14 21 20 15
15 16 21 18
15 20 18 18
16 17 18 20
16 18 20 17
17 19 19 20
