19 7
0 0 3 3
0 0 3 4
0 0 3 5
0 0 5 1
0 1 6 4
0 1 8 1
0 1 9 2
0 1 11 3
0 1 12 3
0 1 13 1
0 1 14 5
0 1 15 1
0 1 16 2
0 1 16 3
0 2 6 5
0 2 7 3
0 2 7 4
0 2 8 2
0 2 10 2
0 2 11 3
0 2 12 5
0 2 14 2
0 2 14 4
0 2 15 1
0 3 6 1
0 3 9 3
0 3 13 4
0 3 14 3
0 3 14 5
0 3 15 2
0 3 16 4
0 4 7 1
0 4 7 2
0 4 12 2
0 4 13 3
0 4 13 5
0 4 14 2
0 4 15 1
0 4 15 3
0 4 16 4
0 5 6 1
0 5 7 1
0 5 7 2
0 5 8 4
0 5 9 5
0 5 10 4
0 5 10 5
0 5 15 5
6 6 14 12
6 7 6 9
6 7 13 11
6 7 15 9
6 8 6 11
6 8 10 10
6 8 11 10
6 8 12 13
6 9 7 12
6 9 10 11
6 9 12 7
6 9 12 8
6 10 6 16
6 10 7 16
6 10 15 9
6 11 12 16
6 11 14 13
6 11 16 7
6 11 16 9
6 12 7 12
6 12 16 8
6 13 13 9
6 13 13 15
6 13 15 16
6 14 7 13
6 14 10 15
6 15 7 8
6 15 16 12
7 7 8 12
7 8 9 15
7 8 16 10
7 9 9 15
7 10 7 16
7 10 12 14
7 10 15 16
7 10 16 11
7 11 7 15
7 12 12 13
7 12 16 15
7 13 8 11
7 13 12 8
7 14 9 16
7 14 12 8
7 14 12 13
7 15 16 9
8 8 10 10
8 8 10 13
8 8 11 16
8 8 16 14
8 9 10 11
8 9 14 15
8 10 15 12
8 10 15 13
8 11 14 9
8 11 16 10
8 13 8 15
8 14 9 12
8 14 11 9
8 15 10 11
8 16 9 9
9 9 16 14
9 9 16 15
9 10 16 14
9 11 16 11
9 12 10 15
9 14 11 12
9 14 14 16
9 15 10 16
9 16 10 14
9 16 15 12
10 11 14 12
10 12 13 13
10 13 12 14
10 13 13 12
10 13 14 14
10 14 11 11
10 14 15 11
10 15 11 11
11 11 15 13
11 13 12 12
11 13 14 15
11 15 11 16
12 13 14 14
12 16 16 13
13 13 13 15
