19 15
0 0 1 5
0 0 2 1
0 0 2 3
0 0 4 1
0 1 6 4
0 1 6 5
0 1 8 3
0 1 9 1
0 1 9 2
0 1 9 4
0 1 11 4
0 1 13 5
0 1 17 2
0 1 18 4
0 1 20 3
0 1 21 5
0 2 7 3
0 2 9 4
0 2 13 2
0 2 15 1
0 2 15 2
0 2 17 3
0 2 20 4
0 2 21 5
0 2 22 5
0 2 23 1
0 2 23 2
0 3 6 1
0 3 7 4
0 3 8 3
0 3 8 5
0 3 12 1
0 3 14 3
0 3 15 2
0 3 15 5
0 3 16 5
0 3 17 1
0 3 17 2
0 3 20 1
0 3 21 1
0 4 6 4
0 4 7 2
0 4 8 1
0 4 8 3
0 4 9 3
0 4 10 2
0 4 11 2
0 4 12 2
0 4 16 3
0 4 19 4
0 4 22 2
0 4 23 1
0 5 6 2
0 5 7 3
0 5 7 4
0 5 10 3
0 5 10 4
0 5 11 4
0 5 12 3
0 5 12 4
0 5 14 1
0 5 14 5
0 5 16 5
0 5 22 5
6 6 6 9
6 6 11 18
6 6 18 10
6 6 19 12
6 6 20 18
6 6 21 9
6 6 23 14
6 7 7 19
6 7 16 15
6 7 20 14
6 7 22 21
6 8 22 16
6 9 7 18
6 9 17 19
6 10 12 23
6 10 13 16
6 11 8 8
6 11 10 8
6 12 8 21
6 12 11 23
6 13 20 15
6 14 12 19
6 14 17 20
6 14 18 19
6 14 18 23
6 14 19 7
6 14 19 10
6 14 20 14
6 15 8 9
6 15 15 10
6 16 7 19
6 16 10 13
6 18 9 7
6 19 7 9
6 19 11 10
6 20 8 8
6 20 23 15
6 22 16 20
6 22 23 17
6 23 7 15
6 23 14 7
7 7 14 18
7 7 19 13
7 9 8 10
7 9 13 23
7 10 21 18
7 10 23 9
7 11 9 8
7 11 15 13
7 11 19 23
7 12 14 9
7 13 12 23
7 13 15 11
7 14 9 23
7 14 14 22
7 14 23 12
7 15 11 17
7 15 13 13
7 15 14 8
7 15 20 8
7 15 22 21
7 16 9 21
7 16 17 11
7 19 9 19
7 19 12 9
7 19 16 18
7 19 18 16
7 19 19 16
7 21 17 10
7 22 11 9
7 22 20 8
7 22 21 15
7 23 12 16
7 23 14 14
7 23 21 21
7 23 22 12
8 8 10 22
8 8 15 12
8 9 8 16
8 9 13 22
8 9 22 14
8 10 13 9
8 10 17 17
8 11 10 9
8 11 12 17
8 11 22 12
8 12 11 13
8 12 13 16
8 12 17 22
8 12 22 11
8 13 10 10
8 13 16 20
8 14 11 17
8 14 17 13
8 15 16 17
8 15 18 13
8 15 21 22
8 15 22 9
8 17 19 10
8 18 22 23
8 19 9 10
8 20 12 9
8 20 18 11
8 20 20 15
8 21 13 9
8 22 10 22
8 22 15 13
8 22 17 19
8 23 21 23
9 9 12 19
9 10 14 22
9 10 16 17
9 10 23 13
9 11 11 13
9 13 17 23
9 13 20 15
9 14 12 13
9 14 17 16
9 15 20 14
9 16 16 19
9 16 21 17
9 18 14 17
9 18 18 10
9 18 20 23
9 18 21 18
9 19 19 15
9 20 11 21
9 20 18 11
9 21 12 14
9 21 17 13
9 22 15 11
10 10 10 14
10 11 20 21
10 12 11 20
10 12 16 19
10 13 21 11
10 14 16 16
10 15 14 18
10 15 18 22
10 17 10 21
10 17 21 17
10 17 23 11
10 17 23 13
10 18 12 22
10 19 13 11
10 21 16 18
10 21 18 19
10 22 12 16
10 22 16 16
10 22 21 20
10 23 17 16
10 23 19 18
11 11 21 23
11 13 11 21
11 13 15 17
11 14 17 13
11 16 15 19
11 17 18 20
11 17 23 16
11 18 18 12
11 19 14 16
11 19 15 16
11 19 19 21
11 20 17 20
11 20 18 20
11 21 16 20
11 22 13 22
11 23 14 17
11 23 23 15
11 23 23 16
12 12 15 20
12 12 18 18
12 13 13 13
12 13 18 21
12 13 20 22
12 14 14 13
12 14 17 23
12 15 22 20
12 16 15 19
12 17 13 17
12 17 15 19
12 17 18 13
12 18 23 18
12 19 22 17
12 20 21 20
12 20 21 21
12 20 21 23
12 22 18 20
12 23 22 23
13 13 17 15
13 14 13 20
13 15 14 15
13 16 23 15
13 17 20 20
13 20 18 18
13 23 18 22
14 15 18 23
14 15 19 15
14 15 22 16
14 18 14 22
14 18 16 17
14 19 17 21
14 19 23 16
14 21 16 21
15 17 15 18
15 18 23 16
15 19 19 21
16 16 19 19
16 17 16 19
16 19 21 22
16 19 21 23
16 22 22 20
17 22 20 21
17 22 20 23
17 23 20 22
18 20 21 20
18 20 21 21
18 21 22 20
18 22 19 19
18 22 21 21
19 21 21 23
