17 10
0 0 1 1
0 0 1 2
0 0 4 1
0 0 5 3
0 1 6 4
0 1 8 5
0 1 9 3
0 1 13 3
0 1 14 1
0 1 16 4
0 1 17 5
0 1 18 2
0 2 7 1
0 2 7 5
0 2 8 5
0 2 9 5
0 2 10 3
0 2 12 2
0 2 12 3
0 2 14 2
0 2 15 4
0 2 16 4
0 3 6 3
0 3 6 5
0 3 9 2
0 3 9 5
0 3 10 1
0 3 12 3
0 3 16 4
0 3 17 4
0 3 17 5
0 3 18 3
0 4 7 2
0 4 8 2
0 4 11 3
0 4 11 4
0 4 13 4
0 4 15 5
0 4 17 1
0 4 18 1
0 4 18 4
0 5 6 3
0 5 7 2
0 5 10 1
0 5 12 1
0 5 14 4
0 5 16 1
0 5 16 2
0 5 17 2
0 5 18 5
6 6 9 9
6 6 10 17
6 6 12 11
6 6 16 8
6 7 15 11
6 8 10 8
6 8 13 8
6 8 13 13
6 8 14 17
6 9 8 9
6 9 11 18
6 9 16 11
6 9 16 14
6 9 18 17
6 10 15 13
6 10 17 15
6 11 12 11
6 11 15 15
6 12 11 7
6 12 12 13
6 13 7 14
6 13 10 9
6 13 11 13
6 13 14 16
6 14 15 7
6 14 16 7
6 15 11 7
6 16 12 12
6 17 13 17
6 17 14 11
6 17 15 17
6 17 17 10
6 18 10 16
6 18 18 18
7 7 12 11
7 8 8 14
7 8 13 10
7 8 14 15
7 9 7 14
7 9 11 11
7 9 12 12
7 10 7 17
7 10 10 18
7 10 13 9
7 10 17 9
7 10 17 14
7 11 7 16
7 11 8 13
7 12 8 12
7 12 17 11
7 13 12 18
7 14 17 12
7 15 9 14
7 15 11 17
7 15 17 12
7 16 9 13
7 16 16 9
7 17 14 8
7 18 10 18
7 18 11 13
7 18 13 12
7 18 18 9
8 8 13 10
8 9 12 15
8 9 18 10
8 10 16 16
8 10 17 10
8 12 13 18
8 13 12 16
8 13 16 11
8 13 18 16
8 14 12 11
8 14 18 12
8 15 9 17
8 15 10 9
8 15 11 13
8 15 12 11
8 15 15 11
8 15 17 13
8 16 9 13
8 16 11 10
8 16 11 13
8 16 18 10
8 17 11 17
8 18 16 15
9 9 14 11
9 10 10 13
9 10 18 11
9 11 10 15
9 11 10 16
9 11 12 12
9 12 14 17
9 14 10 18
9 14 14 15
9 14 15 17
9 16 16 17
9 17 11 14
10 13 17 12
10 14 13 16
10 14 15 18
10 15 12 18
10 16 10 18
10 16 12 13
10 17 16 11
11 13 15 15
11 14 14 14
11 15 14 13
11 18 13 12
12 14 12 18
12 14 17 16
12 16 13 16
12 16 15 18
12 17 16 15
13 14 15 14
13 16 15 15
13 17 14 18
14 14 14 18
15 15 18 16
15 17 18 17
15 18 18 18
