15 8
0 0 1 2
0 0 1 3
0 0 2 3
0 0 4 1
0 1 7 3
0 1 8 2
0 1 9 4
0 1 11 4
0 1 12 4
0 1 13 1
0 1 13 3
0 1 14 4
0 1 15 2
0 2 5 3
0 2 6 2
0 2 6 4
0 2 8 3
0 2 9 2
0 2 11 2
0 2 13 1
0 2 14 2
0 2 15 1
0 2 15 4
0 3 6 1
0 3 6 3
0 3 6 4
0 3 7 1
0 3 7 3
0 3 9 2
0 3 11 1
0 3 12 1
0 3 14 2
0 3 14 4
0 4 5 1
0 4 6 1
0 4 7 2
0 4 9 3
0 4 10 1
0 4 10 2
0 4 11 4
0 4 12 4
0 4 14 3
5 5 6 9
5 6 5 12
5 6 12 6
5 7 6 6
5 7 11 13
5 7 12 8
5 8 7 11
5 8 12 7
5 9 11 11
5 10 6 11
5 10 7 7
5 10 9 7
5 10 12 11
5 10 15 6
5 11 10 7
5 11 14 14
5 12 6 9
5 12 13 12
5 12 13 15
5 13 8 7
5 13 9 15
5 13 14 6
5 14 8 7
5 14 11 13
5 14 12 13
5 14 13 8
5 15 8 6
5 15 8 15
6 6 10 12
6 7 11 15
6 7 15 10
6 8 14 12
6 10 7 8
6 10 11 11
6 10 13 13
6 10 15 7
6 11 9 10
6 11 9 14
6 11 10 13
6 11 15 15
6 12 15 12
6 13 13 12
7 8 7 12
7 8 11 11
7 9 8 9
7 9 9 14
7 9 10 15
7 10 7 13
7 10 8 8
7 10 11 8
7 13 10 13
7 13 14 9
7 15 12 9
8 9 9 13
8 9 13 14
8 10 13 14
8 11 13 10
8 12 12 9
8 12 13 10
8 13 10 13
8 13 12 10
8 14 12 11
8 15 10 11
8 15 12 14
8 15 14 9
8 15 14 14
8 15 15 10
9 9 9 12
9 9 13 10
9 11 12 11
9 14 14 14
9 14 15 15
9 15 15 13
10 10 11 12
10 11 15 11
11 14 12 15
12 14 13 15
12 14 14 14
