12 11
0 0 1 2
0 0 2 2
0 0 2 3
0 0 4 1
0 1 5 3
0 1 6 2
0 1 6 4
0 1 7 4
0 1 11 1
0 1 12 3
0 1 14 1
0 1 15 2
0 1 15 3
0 1 15 4
0 2 5 1
0 2 6 1
0 2 7 4
0 2 8 3
0 2 11 3
0 2 11 4
0 2 12 4
0 2 13 1
0 2 14 2
0 3 6 1
0 3 7 4
0 3 8 4
0 3 10 2
0 3 10 4
0 3 11 1
0 3 11 4
0 3 13 1
0 3 16 1
0 3 16 3
0 4 5 2
0 4 7 3
0 4 8 2
0 4 8 3
0 4 10 2
0 4 12 2
0 4 13 2
0 4 13 3
0 4 14 1
5 5 8 7
5 5 12 7
5 6 7 11
5 6 7 15
5 6 14 13
5 7 5 9
5 7 6 15
5 8 9 16
5 9 9 13
5 9 9 15
5 10 9 15
5 10 12 14
5 10 15 11
5 10 16 16
5 11 11 7
5 12 8 15
5 12 11 13
5 13 11 6
5 13 12 9
5 13 14 10
5 14 7 8
5 14 8 12
5 14 16 9
5 15 11 14
5 16 6 14
5 16 7 14
5 16 9 11
5 16 15 11
6 6 9 14
6 7 6 16
6 7 9 14
6 8 6 13
6 8 10 7
6 8 15 10
6 10 6 11
6 10 8 7
6 12 9 10
6 13 12 9
6 14 9 9
6 14 13 16
6 15 10 12
6 15 12 10
6 15 13 10
6 15 15 14
6 16 10 8
6 16 11 14
6 16 11 15
6 16 13 12
7 7 13 8
7 7 16 10
7 8 12 10
7 9 9 11
7 9 16 13
7 10 9 8
7 10 14 10
7 10 15 8
7 11 12 15
7 12 8 12
7 12 10 9
7 12 15 15
7 13 11 16
7 14 11 10
7 15 16 15
8 8 13 11
8 8 14 15
8 8 16 12
8 9 12 9
8 9 12 14
8 10 11 13
8 10 16 10
8 12 13 11
8 12 13 14
8 14 10 9
8 14 14 13
8 16 16 11
9 9 11 16
9 11 13 11
9 12 12 13
9 12 14 16
9 13 16 11
9 14 10 12
9 15 13 11
9 16 10 15
10 11 13 14
10 12 12 14
10 15 13 14
11 13 15 13
11 15 15 12
11 16 13 16
14 16 15 16
