13 13
0 0 2 2
0 0 4 1
0 0 4 2
0 0 4 3
0 1 6 3
0 1 8 4
0 1 10 4
0 1 11 1
0 1 11 3
0 1 12 4
0 1 13 4
0 1 16 1
0 1 16 3
0 1 17 3
0 1 17 4
0 1 18 1
0 2 5 2
0 2 6 3
0 2 6 4
0 2 7 3
0 2 9 1
0 2 9 2
0 2 11 3
0 2 12 4
0 2 15 1
0 2 16 2
0 2 18 1
0 3 5 1
0 3 6 4
0 3 7 1
0 3 7 4
0 3 8 2
0 3 12 2
0 3 12 4
0 3 14 2
0 3 15 1
0 3 15 3
0 3 16 2
0 3 17 4
0 4 5 4
0 4 10 1
0 4 10 2
0 4 13 2
0 4 14 3
0 4 16 2
0 4 16 3
0 4 18 1
0 4 18 3
5 5 14 18
5 6 6 14
5 6 7 9
5 6 7 11
5 6 11 13
5 6 17 8
5 6 17 13
5 7 7 13
5 8 5 12
5 8 10 11
5 9 7 16
5 9 11 18
5 9 16 10
5 9 17 13
5 10 7 7
5 10 10 17
5 10 17 18
5 11 14 15
5 12 9 18
5 13 5 17
5 13 15 18
5 13 18 9
5 14 8 17
5 14 18 8
5 15 6 13
5 15 12 16
5 16 6 14
5 16 14 12
5 17 7 6
5 17 12 18
5 18 17 14
5 18 18 12
6 6 10 11
6 6 12 13
6 6 15 8
6 7 11 16
6 8 13 9
6 8 14 11
6 11 6 13
6 11 9 7
6 11 15 9
6 11 15 10
6 12 8 15
6 12 11 10
6 12 11 17
6 14 7 8
6 14 9 10
6 15 13 16
6 15 16 14
6 16 8 12
6 16 17 18
6 17 7 14
7 7 17 9
7 7 17 11
7 8 11 13
7 9 8 17
7 9 9 12
7 9 10 15
7 10 10 15
7 11 9 11
7 12 8 12
7 12 8 17
7 12 13 15
7 12 18 8
7 14 11 10
7 14 11 13
7 15 14 8
7 16 12 9
7 17 7 18
7 17 17 9
7 17 17 14
7 18 15 14
8 10 8 17
8 10 14 9
8 10 15 13
8 10 16 15
8 11 11 18
8 11 12 16
8 11 16 9
8 12 14 12
8 13 10 17
8 14 8 15
8 14 16 11
8 14 16 15
8 14 18 9
8 17 11 10
8 18 10 15
8 18 10 16
8 18 12 13
9 9 13 16
9 10 10 11
9 11 10 15
9 11 13 16
9 12 18 13
9 13 12 17
9 14 16 12
9 15 11 17
9 15 12 14
9 16 12 18
9 16 14 16
9 17 16 14
9 18 12 13
10 11 17 14
10 11 18 13
10 13 13 17
10 13 15 16
10 14 10 15
10 16 10 18
10 16 12 15
10 18 14 15
11 13 13 13
11 13 14 14
11 15 14 16
12 13 12 16
12 15 16 13
12 15 18 15
12 18 14 15
13 13 18 17
13 16 14 15
15 18 16 18
15 18 17 17
