18 12
0 0 1 2
0 0 1 3
0 0 4 3
0 0 5 5
0 1 10 2
0 1 11 1
0 1 11 5
0 1 12 4
0 1 15 1
0 1 16 1
0 1 17 3
0 1 18 1
0 1 19 2
0 1 20 5
0 2 6 2
0 2 8 3
0 2 9 4
0 2 14 1
0 2 15 3
0 2 16 2
0 2 18 1
0 2 18 2
0 2 20 4
0 2 20 5
0 2 21 3
0 3 8 1
0 3 9 1
0 3 9 2
0 3 9 4
0 3 9 5
0 3 11 1
0 3 11 4
0 3 15 1
0 3 17 2
0 3 19 3
0 3 19 5
0 4 7 5
0 4 8 2
0 4 10 4
0 4 10 5
0 4 14 4
0 4 17 3
0 4 18 5
0 4 19 5
0 4 21 1
0 4 21 4
0 5 7 2
0 5 7 3
0 5 13 4
0 5 14 3
0 5 14 4
0 5 17 2
0 5 19 3
0 5 20 1
0 5 20 5
0 5 21 4
6 6 7 14
6 6 12 20
6 6 16 14
6 6 19 8
6 8 15 15
6 8 16 16
6 9 13 12
6 9 13 13
6 11 8 11
6 11 9 9
6 11 13 20
6 12 10 13
6 12 13 17
6 12 13 19
6 13 6 20
6 13 9 17
6 13 12 19
6 13 18 19
6 14 7 11
6 14 10 20
6 14 15 14
6 15 18 11
6 15 20 17
6 15 21 15
6 16 7 7
6 17 10 7
6 17 10 12
6 17 11 10
6 17 12 17
6 17 21 18
6 18 10 10
6 18 16 20
6 19 18 16
6 19 21 16
6 20 7 8
6 20 13 15
6 20 17 17
6 21 7 11
7 7 12 11
7 7 12 14
7 8 9 21
7 8 19 17
7 8 19 19
7 9 9 20
7 9 11 15
7 10 13 16
7 10 19 9
7 11 11 13
7 11 11 21
7 11 15 8
7 12 21 16
7 13 16 14
7 13 20 8
7 14 10 12
7 14 10 20
7 14 13 16
7 14 18 8
7 15 9 10
7 15 18 16
7 17 8 16
7 17 14 8
7 17 17 16
7 17 20 21
7 18 12 11
7 19 18 12
7 19 18 21
7 20 14 10
7 20 21 12
7 21 16 14
7 21 17 17
8 9 9 11
8 9 10 9
8 9 13 14
8 9 16 14
8 9 18 21
8 10 8 21
8 10 14 12
8 10 16 9
8 10 16 16
8 11 14 21
8 12 8 16
8 12 9 9
8 13 10 13
8 13 11 20
8 13 13 17
8 13 18 17
8 14 20 10
8 15 15 19
8 17 9 14
8 18 18 14
8 19 9 18
8 19 12 13
8 19 13 9
8 20 18 10
8 21 15 12
8 21 19 11
9 12 10 10
9 12 18 10
9 13 15 10
9 13 18 12
9 13 18 16
9 15 9 21
9 15 10 12
9 16 15 13
9 16 15 15
9 17 19 17
9 17 19 20
9 20 16 10
9 21 11 17
9 21 20 13
10 11 12 15
10 11 12 20
10 13 16 15
10 14 16 12
10 15 18 13
10 16 10 17
10 16 17 12
10 16 18 18
10 16 21 13
10 17 10 19
10 19 21 12
10 21 12 19
11 11 11 13
11 11 16 21
11 11 21 21
11 13 21 14
11 14 12 12
11 15 15 14
11 15 16 21
11 16 15 20
11 18 11 21
11 20 14 21
11 20 20 12
11 21 18 18
12 12 17 20
12 13 19 15
12 15 19 21
12 16 15 18
12 18 17 17
12 18 18 14
12 19 15 19
12 20 19 20
12 20 21 16
13 13 15 14
13 14 16 17
13 14 16 19
13 21 14 14
13 21 19 20
14 14 18 18
14 18 19 16
14 18 21 17
14 19 19 19
14 20 20 15
14 20 20 17
15 15 17 18
15 15 17 19
15 15 18 16
15 21 19 18
16 19 18 19
17 20 20 21
