20 7
0 0 1 3
0 0 2 1
0 0 4 3
0 0 4 5
0 1 9 4
0 1 10 2
0 1 11 1
0 1 11 4
0 1 12 5
0 1 14 5
0 1 15 1
0 1 17 4
0 1 17 5
0 2 6 1
0 2 7 3
0 2 7 4
0 2 7 5
0 2 8 4
0 2 9 4
0 2 14 3
0 2 14 5
0 2 16 5
0 3 6 3
0 3 7 2
0 3 9 4
0 3 9 5
0 3 11 2
0 3 13 1
0 3 13 3
0 3 14 5
0 3 15 3
0 3 16 2
0 4 7 5
0 4 10 1
0 4 11 2
0 4 11 3
0 4 12 1
0 4 12 2
0 4 14 1
0 4 16 2
0 5 6 3
0 5 7 1
0 5 7 3
0 5 12 2
0 5 13 4
0 5 14 2
0 5 15 4
0 5 16 4
0 5 17 1
0 5 17 2
6 6 11 12
6 7 15 8
6 8 11 17
6 10 16 8
6 10 16 12
6 10 16 17
6 10 17 11
6 11 7 10
6 11 7 14
6 11 9 15
6 11 10 13
6 11 11 16
6 11 13 8
6 12 13 13
6 13 11 9
6 13 13 15
6 14 7 15
6 14 7 16
6 14 9 11
6 14 9 12
6 14 17 16
6 15 8 17
6 15 11 12
6 16 8 16
6 16 9 10
6 16 11 8
6 16 16 17
6 17 8 12
6 17 13 15
6 17 15 16
7 7 15 17
7 7 17 10
7 8 8 14
7 8 13 14
7 8 15 12
7 8 17 17
7 9 17 11
7 10 8 8
7 10 14 15
7 11 13 10
7 12 15 10
7 13 8 16
7 13 9 14
7 13 14 10
7 14 9 10
7 14 10 16
7 16 10 12
7 16 16 10
7 17 11 8
7 17 15 15
8 8 10 11
8 8 12 15
8 9 9 14
8 9 10 17
8 9 13 15
8 9 14 13
8 10 9 9
8 10 14 9
8 11 12 9
8 11 14 12
8 11 15 15
8 13 10 15
8 17 16 13
8 17 17 15
9 9 11 17
9 10 13 16
9 12 12 12
9 12 12 15
9 12 13 12
9 13 16 16
9 14 9 16
9 14 14 13
9 15 12 10
9 15 13 12
9 16 12 12
10 10 16 15
10 12 14 15
10 12 17 11
10 13 11 12
10 13 13 14
10 14 11 12
10 14 17 12
11 13 11 16
11 14 16 13
11 16 17 14
12 13 16 15
12 15 15 15
13 13 16 17
13 14 17 17
14 15 15 17
