18 15
0 0 1 2
0 0 2 1
0 0 4 1
0 0 5 4
0 1 8 5
0 1 9 5
0 1 10 1
0 1 10 4
0 1 10 5
0 1 11 5
0 1 16 3
0 1 17 1
0 1 17 5
0 1 18 4
0 1 22 2
0 1 23 1
0 2 6 5
0 2 7 1
0 2 7 5
0 2 9 4
0 2 9 5
0 2 11 2
0 2 12 2
0 2 12 3
0 2 13 2
0 2 14 4
0 2 23 3
0 2 23 4
0 3 6 5
0 3 8 2
0 3 8 5
0 3 10 3
0 3 13 1
0 3 14 1
0 3 14 3
0 3 18 2
0 3 18 3
0 3 19 4
0 3 21 1
0 3 22 4
0 4 6 1
0 4 8 2
0 4 8 4
0 4 9 3
0 4 10 2
0 4 10 4
0 4 19 5
0 4 20 1
0 4 22 1
0 4 23 3
0 4 23 4
0 5 9 1
0 5 10 2
0 5 10 3
0 5 11 3
0 5 12 2
0 5 13 4
0 5 14 3
0 5 17 2
0 5 18 2
0 5 21 3
0 5 23 5
6 6 23 7
6 6 23 16
6 7 7 8
6 7 7 16
6 8 8 23
6 8 11 20
6 9 8 23
6 9 9 10
6 9 11 13
6 9 16 11
6 9 18 20
6 9 21 10
6 9 23 14
6 10 15 13
6 10 15 17
6 11 7 8
6 11 11 22
6 12 9 8
6 12 14 11
6 13 8 11
6 13 15 11
6 13 17 8
6 13 19 23
6 13 20 20
6 14 21 23
6 16 12 13
6 16 15 20
6 16 17 9
6 17 22 22
6 18 12 15
6 18 15 8
6 19 8 15
6 19 8 20
6 19 15 12
6 19 19 20
6 20 11 14
6 21 7 17
6 21 13 14
6 22 12 17
6 22 13 9
6 22 15 20
6 22 23 21
6 23 11 11
6 23 16 19
6 23 21 20
7 7 8 22
7 8 23 10
7 9 13 20
7 10 9 13
7 10 11 9
7 10 18 9
7 10 21 11
7 11 7 12
7 11 20 22
7 11 22 12
7 12 11 15
7 12 18 23
7 13 15 15
7 13 22 18
7 14 14 21
7 14 17 23
7 15 9 17
7 15 10 19
7 15 22 8
7 16 14 22
7 16 20 14
7 17 9 15
7 17 10 16
7 17 23 22
7 18 15 22
7 19 9 20
7 19 10 8
7 19 15 8
7 19 20 14
7 19 21 15
7 20 11 12
7 20 11 13
7 20 14 11
7 20 19 17
7 21 21 22
7 22 8 21
7 22 12 19
7 23 11 22
7 23 23 12
8 8 13 22
8 8 15 19
8 9 12 16
8 9 18 10
8 10 22 20
8 11 18 21
8 12 9 9
8 12 13 17
8 12 14 12
8 12 22 15
8 14 14 10
8 14 17 11
8 16 13 19
8 16 17 17
8 16 18 21
8 17 19 15
8 18 8 23
8 18 19 15
8 19 9 20
8 19 18 18
8 20 19 10
8 21 20 22
8 23 20 13
8 23 21 17
9 10 16 14
9 10 19 17
9 10 20 15
9 13 15 15
9 14 19 19
9 14 23 14
9 15 22 15
9 16 19 22
9 17 12 10
9 17 16 14
9 17 16 22
9 17 21 15
9 17 21 16
9 18 12 21
9 18 23 19
9 19 18 14
9 20 16 22
9 21 14 21
9 21 16 10
9 21 17 21
9 22 17 22
9 22 23 13
10 10 13 23
10 10 14 19
10 11 12 11
10 12 12 11
10 13 10 19
10 14 14 22
10 14 20 13
10 14 22 21
10 15 16 15
10 15 16 20
10 15 17 19
10 16 12 12
10 18 11 18
10 18 14 20
10 18 16 18
10 18 23 16
10 20 13 15
10 22 12 13
11 11 15 16
11 11 23 23
11 13 20 16
11 13 23 23
11 14 15 21
11 14 17 18
11 15 12 12
11 16 16 20
11 16 20 14
11 17 14 18
11 18 15 19
11 18 15 20
11 18 17 23
11 19 20 13
11 20 21 21
11 21 12 13
11 22 19 22
12 12 18 21
12 13 23 17
12 13 23 20
12 14 16 18
12 14 19 17
12 14 21 13
12 14 22 15
12 15 18 16
12 18 13 19
12 20 15 20
12 21 14 19
12 22 13 17
12 22 16 23
12 22 21 17
12 22 23 13
12 23 21 17
13 13 13 16
13 16 15 23
13 16 18 19
13 16 21 14
13 17 18 18
13 19 18 16
13 20 21 15
13 20 21 21
13 21 14 21
14 14 15 16
14 17 16 18
14 17 19 16
14 21 18 18
14 23 15 18
15 17 20 17
15 18 17 17
15 20 16 19
15 23 17 18
16 17 16 19
16 17 19 22
16 21 21 20
16 21 22 20
16 23 18 21
17 19 22 20
17 23 20 18
18 18 19 21
19 22 22 23
