15 7
0 0 1 4
0 0 2 4
0 0 3 1
0 0 3 4
0 1 6 1
0 1 7 3
0 1 8 3
0 1 10 2
0 1 11 1
0 1 11 2
0 1 12 4
0 1 13 2
0 1 14 4
0 2 5 3
0 2 7 1
0 2 8 1
0 2 8 2
0 2 8 4
0 2 10 2
0 2 13 1
0 2 13 2
0 2 14 2
0 3 6 1
0 3 7 1
0 3 8 2
0 3 10 3
0 3 10 4
0 3 11 3
0 3 13 3
0 3 14 3
0 4 5 3
0 4 5 4
0 4 6 4
0 4 8 4
0 4 9 1
0 4 9 3
0 4 11 2
0 4 12 2
0 4 13 3
0 4 14 1
5 6 5 13
5 6 6 11
5 6 7 9
5 6 10 13
5 6 13 6
5 6 13 10
5 7 6 7
5 7 9 12
5 7 10 14
5 7 11 10
5 7 11 12
5 8 5 13
5 8 10 6
5 8 11 8
5 8 13 8
5 9 7 8
5 9 14 9
5 10 12 6
5 11 7 9
5 11 10 13
5 11 13 10
5 11 14 7
5 12 11 8
5 14 12 9
5 14 12 12
6 6 8 12
6 6 14 11
6 7 10 9
6 8 7 13
6 8 10 13
6 9 7 7
6 9 9 12
6 9 12 10
6 9 14 9
6 11 12 11
6 11 13 12
6 11 14 7
6 13 8 9
6 14 12 9
7 8 11 12
7 9 11 8
7 9 14 9
7 10 10 14
7 10 12 8
7 10 13 14
7 11 11 12
7 12 8 11
7 12 13 8
7 13 10 11
7 14 8 13
7 14 14 11
8 10 12 13
8 12 11 13
8 12 12 12
8 12 14 12
8 13 13 14
8 14 9 9
9 9 12 14
9 10 10 14
9 10 14 10
9 11 10 11
9 13 10 12
9 13 11 10
10 11 14 14
10 13 12 14
