16 8
0 0 1 1
0 0 1 3
0 0 2 2
0 0 2 3
0 1 5 3
0 1 7 1
0 1 8 1
0 1 8 2
0 1 8 4
0 1 10 4
0 1 13 3
0 1 14 2
0 1 15 4
0 2 5 4
0 2 6 3
0 2 7 4
0 2 8 2
0 2 8 4
0 2 10 1
0 2 11 1
0 2 11 3
0 2 12 2
0 3 6 1
0 3 6 4
0 3 7 1
0 3 7 2
0 3 8 4
0 3 9 1
0 3 9 3
0 3 11 2
0 3 11 3
0 3 13 4
0 3 15 2
0 4 9 4
0 4 10 1
0 4 10 2
0 4 11 1
0 4 11 3
0 4 13 2
0 4 13 3
0 4 14 2
0 4 14 3
0 4 14 4
0 4 15 1
5 5 5 13
5 5 6 6
5 5 10 9
5 5 11 7
5 5 12 14
5 5 14 8
5 5 15 15
5 6 12 14
5 6 14 10
5 6 15 13
5 7 6 14
5 7 10 6
5 7 13 9
5 7 15 9
5 9 9 13
5 10 15 7
5 11 9 7
5 11 13 11
5 12 6 12
5 12 8 7
5 12 10 15
5 12 11 14
5 13 6 15
5 13 12 9
5 13 14 15
5 14 10 7
6 7 13 12
6 7 15 12
6 8 10 8
6 8 10 14
6 8 12 11
6 9 11 12
6 10 7 11
6 10 11 15
6 10 15 9
6 10 15 12
6 11 9 7
6 12 14 8
6 12 15 8
6 13 12 13
6 13 14 9
6 13 14 12
6 14 11 9
6 15 8 11
6 15 9 15
6 15 12 13
6 15 12 14
6 15 14 14
7 8 7 13
7 8 12 12
7 9 9 14
7 9 11 8
7 9 13 10
7 9 15 11
7 10 12 14
7 11 7 15
7 11 8 10
7 12 9 8
7 12 9 12
7 12 10 14
7 13 10 10
7 15 9 12
7 15 13 15
8 8 10 11
8 8 13 9
8 9 8 14
8 10 8 14
8 11 14 13
8 13 9 11
8 14 8 15
8 14 11 13
8 15 9 9
9 10 11 10
9 12 15 13
9 13 10 13
9 14 13 11
9 15 13 10
10 10 10 13
10 11 10 14
10 11 14 12
11 11 14 12
11 13 12 12
11 15 15 12
13 14 14 15
