16 9
0 0 2 1
0 0 2 2
0 0 4 2
0 0 4 4
0 1 6 3
0 1 6 4
0 1 8 4
0 1 9 2
0 1 10 3
0 1 11 4
0 1 12 3
0 1 13 4
0 1 14 1
0 1 14 2
0 1 15 4
0 1 16 2
0 2 5 3
0 2 7 1
0 2 10 1
0 2 11 3
0 2 11 4
0 2 13 1
0 2 14 3
0 2 15 1
0 2 15 3
0 2 16 1
0 3 7 3
0 3 8 1
0 3 8 3
0 3 8 4
0 3 9 4
0 3 10 1
0 3 10 2
0 3 11 2
0 3 12 2
0 3 14 2
0 3 15 3
0 4 5 1
0 4 5 2
0 4 6 3
0 4 8 2
0 4 10 2
0 4 10 4
0 4 15 1
0 4 16 1
0 4 16 4
5 5 6 7
5 5 6 9
5 5 7 16
5 5 11 7
5 5 14 6
5 8 7 15
5 8 10 11
5 8 12 7
5 9 7 7
5 9 12 10
5 10 16 8
5 11 6 12
5 11 8 7
5 11 10 10
5 12 9 12
5 12 16 14
5 13 8 7
5 13 8 9
5 13 9 9
5 13 10 7
5 13 12 10
5 13 14 6
5 13 15 11
5 14 15 11
5 15 12 11
5 15 14 16
5 15 15 6
5 15 16 12
5 16 9 12
5 16 13 9
6 6 9 9
6 6 15 13
6 7 10 11
6 8 9 12
6 9 10 7
6 9 10 13
6 9 11 8
6 9 15 16
6 10 7 16
6 10 11 13
6 10 14 10
6 11 8 13
6 13 8 10
6 13 8 13
6 13 16 16
6 14 7 13
6 14 9 11
6 14 13 12
6 14 16 12
6 15 7 10
6 15 8 7
6 15 11 13
6 16 8 8
6 16 13 13
6 16 14 11
7 7 9 9
7 7 12 15
7 7 16 14
7 9 12 13
7 9 13 10
7 10 8 9
7 10 16 11
7 11 9 10
7 11 14 14
7 12 8 9
7 12 14 8
7 14 12 14
7 15 8 15
7 16 8 13
7 16 13 14
8 8 10 16
8 8 15 13
8 9 14 11
8 10 12 11
8 11 14 13
8 15 13 12
8 15 16 12
8 16 10 16
8 16 15 14
9 10 11 15
9 11 9 16
9 11 12 16
9 12 12 14
9 14 15 11
9 15 11 10
9 15 15 14
9 16 11 11
10 10 14 14
10 11 16 13
10 12 15 13
10 13 12 12
11 13 12 15
11 14 15 12
11 16 15 12
12 12 14 15
12 13 14 14
12 15 16 16
13 14 16 14
