17 12
0 0 1 5
0 0 4 1
0 0 4 5
0 0 5 3
0 1 8 3
0 1 9 5
0 1 10 1
0 1 11 4
0 1 11 5
0 1 12 5
0 1 13 5
0 1 16 2
0 1 18 1
0 1 19 4
0 2 6 3
0 2 10 2
0 2 13 2
0 2 13 3
0 2 14 2
0 2 14 5
0 2 15 3
0 2 17 2
0 2 17 4
0 2 19 3
0 2 20 1
0 3 8 2
0 3 8 4
0 3 8 5
0 3 10 2
0 3 11 4
0 3 12 1
0 3 15 3
0 3 16 1
0 3 16 3
0 3 18 4
0 3 20 4
0 4 7 1
0 4 10 1
0 4 11 3
0 4 11 5
0 4 12 4
0 4 13 2
0 4 15 1
0 4 18 3
0 4 20 2
0 5 6 4
0 5 8 3
0 5 8 4
0 5 9 1
0 5 10 1
0 5 11 2
0 5 12 4
0 5 15 2
0 5 16 5
6 6 19 18
6 7 13 12
6 7 20 17
6 8 7 11
6 8 9 8
6 8 15 9
6 8 20 9
6 10 7 14
6 10 9 8
6 10 12 9
6 10 14 18
6 11 7 7
6 11 17 12
6 12 7 17
6 12 9 13
6 12 11 12
6 12 12 14
6 12 18 10
6 13 8 9
6 13 10 9
6 13 19 7
6 14 6 18
6 14 7 20
6 14 12 19
6 14 19 12
6 15 14 8
6 15 15 17
6 15 18 17
6 15 20 19
6 16 8 17
6 17 7 14
6 17 9 18
6 17 15 18
6 17 19 15
6 18 9 13
6 18 13 7
6 18 13 12
6 18 17 16
6 19 13 8
6 20 20 11
7 7 7 12
7 7 7 14
7 7 14 9
7 8 12 8
7 9 13 11
7 9 16 13
7 10 11 12
7 10 20 19
7 11 9 20
7 11 10 20
7 11 12 20
7 12 10 14
7 12 15 8
7 12 16 13
7 12 17 11
7 13 10 16
7 13 11 15
7 13 14 15
7 13 17 13
7 14 16 10
7 14 20 14
7 15 14 17
7 16 10 14
7 17 13 10
7 17 13 13
7 18 19 13
7 20 10 18
8 8 16 12
8 8 17 12
8 8 19 19
8 9 19 12
8 9 20 11
8 10 15 15
8 11 9 16
8 11 18 11
8 11 20 18
8 12 9 10
8 12 16 20
8 15 8 18
8 16 9 13
8 16 14 20
8 17 10 19
8 18 15 14
8 18 18 10
8 18 20 10
8 19 14 20
8 20 14 11
8 20 16 17
9 9 10 16
9 10 11 14
9 10 15 10
9 11 18 11
9 12 15 18
9 12 20 18
9 13 18 15
9 13 19 14
9 14 11 14
9 14 11 15
9 15 16 10
9 15 16 15
9 16 15 13
9 16 18 15
9 16 20 11
9 17 11 18
9 17 16 10
9 18 12 12
9 18 13 12
9 19 16 20
9 20 12 18
9 20 13 14
10 10 19 11
10 13 17 20
10 14 16 11
10 15 11 12
10 15 19 17
10 16 16 11
10 16 18 15
10 16 20 16
10 17 15 18
10 18 17 15
10 19 18 19
10 19 20 16
11 13 19 15
11 13 19 19
11 14 16 14
11 17 17 15
11 19 12 16
11 19 16 17
11 19 17 20
11 20 17 14
11 20 19 14
12 12 14 17
12 13 18 14
12 16 16 15
12 16 19 15
12 16 19 16
13 13 20 20
13 14 13 19
13 15 15 19
13 15 18 15
13 18 18 16
13 19 14 20
13 19 20 14
14 14 14 20
14 17 20 19
15 19 19 17
15 19 20 16
17 17 17 19
17 17 17 20
17 19 18 18
