20 6
0 0 2 2
0 0 4 3
0 0 5 3
0 0 5 4
0 1 9 2
0 1 9 4
0 1 10 5
0 1 12 1
0 1 12 2
0 1 12 4
0 1 13 1
0 1 13 2
0 1 14 1
0 1 14 5
0 2 7 1
0 2 7 3
0 2 8 2
0 2 8 5
0 2 9 3
0 2 10 3
0 2 10 4
0 2 16 1
0 2 16 3
0 3 6 1
0 3 8 2
0 3 8 5
0 3 10 4
0 3 11 3
0 3 12 2
0 3 12 5
0 3 14 1
0 3 15 2
0 3 16 5
0 4 6 2
0 4 7 5
0 4 8 1
0 4 10 1
0 4 10 4
0 4 11 5
0 4 14 3
0 4 15 5
0 5 7 4
0 5 11 4
0 5 13 3
0 5 13 4
0 5 14 3
0 5 16 1
0 5 16 2
6 6 6 11
6 6 8 10
6 6 9 15
6 6 13 12
6 7 8 15
6 7 9 13
6 7 10 8
6 7 12 13
6 8 7 16
6 8 9 12
6 9 10 7
6 10 7 15
6 10 14 9
6 11 9 11
6 11 9 13
6 11 13 9
6 11 14 8
6 12 7 16
6 12 12 7
6 13 15 11
6 13 16 14
6 14 13 10
6 15 8 11
6 15 10 11
6 15 11 15
7 8 8 15
7 8 15 15
7 8 16 16
7 9 9 13
7 10 10 9
7 10 14 8
7 12 12 12
7 12 16 9
7 14 9 9
7 14 11 10
7 14 12 16
7 14 13 9
7 15 9 15
7 16 11 15
7 16 12 13
7 16 12 15
7 16 16 8
8 8 14 14
8 11 11 15
8 11 13 13
8 11 16 12
8 12 9 12
8 13 11 16
8 13 12 11
8 14 16 9
8 15 9 14
8 15 9 15
8 16 13 15
9 10 14 15
9 11 10 10
9 11 10 16
9 12 10 16
9 13 11 11
9 13 14 14
9 13 15 15
10 11 12 15
10 11 14 14
10 12 14 16
10 13 13 13
10 14 10 16
10 14 12 14
10 14 15 12
11 12 11 16
11 16 15 15
12 12 13 16
13 13 16 16
13 15 14 14
