14 12
0 0 1 3
0 0 2 2
0 0 3 3
0 0 4 2
0 1 5 1
0 1 5 4
0 1 6 1
0 1 6 2
0 1 7 4
0 1 8 2
0 1 9 2
0 1 10 1
0 1 11 4
0 1 13 4
0 1 17 4
0 2 5 2
0 2 5 4
0 2 6 1
0 2 6 3
0 2 7 3
0 2 8 2
0 2 9 1
0 2 14 4
0 2 15 2
0 2 16 3
0 2 17 4
0 3 5 1
0 3 6 1
0 3 7 2
0 3 8 1
0 3 8 3
0 3 11 3
0 3 11 4
0 3 12 2
0 3 12 3
0 3 15 1
0 3 16 1
0 4 5 3
0 4 5 4
0 4 6 2
0 4 7 3
0 4 8 4
0 4 9 1
0 4 10 2
0 4 11 3
0 4 13 1
0 4 13 4
0 4 14 3
5 5 6 8
5 5 10 6
5 5 14 6
5 6 5 16
5 6 7 16
5 6 10 13
5 6 14 11
5 6 15 15
5 7 9 8
5 7 9 13
5 7 12 6
5 7 13 16
5 9 6 9
5 10 15 6
5 10 15 14
5 10 16 7
5 11 10 17
5 11 15 11
5 11 17 15
5 12 10 6
5 12 15 13
5 13 9 16
5 13 9 17
5 13 10 10
5 13 12 13
5 13 14 11
5 13 14 17
5 15 17 11
5 17 12 11
5 17 13 7
5 17 13 11
6 8 6 15
6 8 16 7
6 8 16 14
6 9 8 9
6 10 7 15
6 10 9 8
6 11 8 16
6 11 15 7
6 12 8 16
6 12 10 9
6 13 11 13
6 13 14 7
6 14 7 12
6 14 11 12
6 14 15 16
6 14 16 17
6 15 6 17
6 15 11 9
6 15 14 15
6 15 17 8
6 16 16 9
6 17 10 14
7 7 8 13
7 7 9 16
7 8 11 11
7 9 13 12
7 9 17 8
7 11 12 9
7 11 12 14
7 11 16 10
7 12 15 12
7 13 8 9
7 13 8 12
7 13 11 13
7 13 17 15
7 14 17 9
7 14 17 16
7 15 13 9
7 15 16 8
7 16 10 9
7 16 14 13
7 16 14 16
7 16 17 10
7 17 10 12
8 8 14 9
8 8 17 17
8 9 15 10
8 11 14 11
8 12 11 17
8 12 14 10
8 13 9 10
8 13 9 15
8 14 9 16
8 14 17 9
8 15 9 10
8 15 16 12
8 15 17 16
8 16 17 9
8 17 12 11
8 17 12 14
8 17 12 15
9 10 15 13
9 11 12 17
9 11 15 15
9 11 15 16
9 12 12 15
9 13 10 16
9 15 12 11
9 16 15 16
9 17 10 17
10 10 14 11
10 11 11 17
10 12 14 16
10 12 15 14
10 13 12 17
10 13 17 12
10 14 17 16
10 15 13 12
10 15 14 16
10 16 13 17
10 16 16 12
10 17 12 11
10 17 14 13
11 12 11 16
11 12 14 14
11 13 14 12
12 13 17 14
12 14 14 15
13 14 16 14
