16 6
0 0 1 1
0 0 1 2
0 0 2 4
0 0 3 2
0 1 5 3
0 1 6 1
0 1 6 2
0 1 8 2
0 1 8 4
0 1 9 2
0 1 11 3
0 1 12 4
0 2 5 3
0 2 7 3
0 2 7 4
0 2 8 1
0 2 10 1
0 2 10 3
0 2 11 2
0 2 12 1
0 2 12 4
0 3 5 4
0 3 7 1
0 3 7 2
0 3 8 3
0 3 10 1
0 3 10 2
0 3 10 3
0 3 12 4
0 3 13 4
0 4 5 1
0 4 7 4
0 4 8 3
0 4 9 1
0 4 9 3
0 4 10 2
0 4 11 3
0 4 11 4
0 4 12 2
0 4 13 1
5 5 7 13
5 5 12 9
5 5 13 12
5 6 5 13
5 6 9 11
5 6 13 10
5 7 6 6
5 7 11 9
5 8 5 12
5 8 10 11
5 8 11 6
5 9 11 10
5 10 12 7
5 11 13 7
5 12 7 9
5 12 9 13
5 12 10 7
5 13 7 11
5 13 9 12
5 13 10 10
5 13 13 13
6 6 9 12
6 6 11 8
6 6 13 7
6 7 7 12
6 8 7 8
6 8 8 13
6 8 9 9
6 8 11 10
6 9 7 12
6 9 8 13
6 10 8 11
6 10 12 9
6 11 8 10
6 11 9 7
6 12 7 7
6 12 9 7
6 12 10 8
6 12 12 13
6 13 9 9
7 7 10 12
7 9 7 11
7 10 9 9
7 10 13 8
7 11 10 9
7 11 11 13
8 8 8 9
8 8 13 10
8 9 12 13
8 10 12 13
8 11 11 10
8 11 12 12
8 11 13 11
9 9 10 10
10 11 13 11
11 13 12 13
