17 7
0 0 1 1
0 0 1 3
0 0 1 4
0 0 4 3
0 1 5 1
0 1 5 2
0 1 7 1
0 1 7 2
0 1 9 1
0 1 10 1
0 1 10 3
0 1 15 2
0 2 6 3
0 2 8 3
0 2 8 4
0 2 9 1
0 2 9 2
0 2 9 4
0 2 11 4
0 2 14 2
0 2 14 4
0 2 15 1
0 2 15 2
0 3 5 1
0 3 5 2
0 3 6 4
0 3 7 2
0 3 8 1
0 3 8 4
0 3 10 3
0 3 12 2
0 3 13 1
0 3 14 3
0 3 15 4
0 4 6 1
0 4 7 3
0 4 7 4
0 4 8 2
0 4 10 2
0 4 10 3
0 4 11 4
0 4 12 4
0 4 14 3
0 4 15 3
5 5 6 9
5 5 6 13
5 5 8 10
5 6 9 13
5 6 14 6
5 7 10 15
5 7 11 6
5 8 6 13
5 8 14 7
5 10 5 11
5 10 5 13
5 10 8 9
5 11 9 13
5 11 13 15
5 12 7 10
5 12 10 12
5 12 11 12
5 13 14 8
5 14 6 10
5 14 9 13
5 14 12 14
5 14 13 14
5 15 12 7
6 6 7 11
6 6 12 8
6 6 13 11
6 7 11 10
6 7 15 13
6 9 8 8
6 10 7 7
6 10 8 12
6 11 9 13
6 11 13 11
6 12 6 14
6 12 10 7
6 12 13 12
6 12 15 7
6 13 10 13
6 14 8 11
6 15 15 11
7 8 8 11
7 8 15 10
7 9 15 9
7 10 8 13
7 10 10 9
7 10 15 9
7 11 9 8
7 11 15 8
7 12 11 13
7 13 8 14
7 13 9 8
7 13 14 11
7 14 12 8
7 15 9 9
7 15 14 9
8 8 8 9
8 9 11 11
8 11 13 15
8 12 13 14
8 12 14 9
8 15 15 13
9 10 9 12
9 12 10 12
9 12 14 12
9 13 10 15
9 13 12 11
9 14 12 15
9 15 11 11
9 15 15 10
10 14 14 11
10 15 12 13
10 15 15 11
11 12 14 14
11 14 15 13
12 14 14 13
