11 8
0 0 1 3
0 0 2 1
0 0 3 4
0 0 4 2
0 1 7 1
0 1 7 3
0 1 7 4
0 1 8 2
0 1 9 1
0 1 10 3
0 1 12 3
0 1 13 1
0 2 6 2
0 2 6 4
0 2 7 4
0 2 8 3
0 2 9 1
0 2 9 2
0 2 10 3
0 2 12 4
0 3 5 4
0 3 6 2
0 3 8 1
0 3 8 2
0 3 9 1
0 3 9 2
0 3 12 1
0 4 5 2
0 4 6 3
0 4 8 1
0 4 11 3
0 4 12 4
0 4 13 2
0 4 13 4
5 5 8 11
5 6 7 12
5 6 7 13
5 6 10 10
5 6 11 7
5 7 9 8
5 8 5 13
5 8 7 8
5 8 8 6
5 9 12 7
5 10 8 12
5 10 9 12
5 11 5 13
5 11 9 6
5 11 10 8
5 11 11 6
5 12 12 9
5 13 7 13
5 13 8 6
5 13 10 10
5 13 10 11
5 13 11 13
5 13 12 11
6 6 10 12
6 6 10 13
6 6 11 9
6 8 9 13
6 8 10 8
6 9 7 10
6 10 11 8
6 10 11 11
6 10 12 12
6 11 6 13
6 11 9 7
6 12 13 11
7 7 9 12
7 7 12 9
7 8 11 12
7 9 7 10
7 9 8 9
7 9 8 11
7 9 11 10
7 9 13 10
7 10 7 13
7 10 13 12
7 12 10 11
8 8 8 9
8 11 11 10
8 12 12 12
8 13 10 10
9 9 9 12
9 12 11 12
9 13 10 13
10 13 11 13
