17 11
0 0 2 2
0 0 3 2
0 0 3 3
0 0 4 5
0 1 8 4
0 1 8 5
0 1 13 1
0 1 13 3
0 1 14 3
0 1 14 5
0 1 15 4
0 1 16 3
0 1 17 2
0 1 19 4
0 1 19 5
0 2 6 2
0 2 6 3
0 2 7 1
0 2 7 4
0 2 10 3
0 2 12 2
0 2 13 3
0 2 14 2
0 2 16 1
0 2 18 5
0 3 6 1
0 3 6 5
0 3 7 4
0 3 10 2
0 3 10 5
0 3 15 2
0 3 16 4
0 3 19 1
0 4 6 2
0 4 7 1
0 4 9 1
0 4 10 1
0 4 10 4
0 4 12 3
0 4 14 1
0 4 14 5
0 4 19 3
0 5 7 2
0 5 8 4
0 5 11 4
0 5 13 1
0 5 13 4
0 5 13 5
0 5 18 2
0 5 18 5
0 5 19 1
0 5 19 3
6 6 9 16
6 6 10 10
6 7 7 13
6 7 10 16
6 7 14 9
6 8 11 17
6 9 8 11
6 9 10 13
6 12 9 15
6 12 12 12
6 12 12 17
6 12 19 11
6 13 7 18
6 14 18 9
6 14 19 17
6 15 7 11
6 15 10 8
6 15 14 15
6 15 14 18
6 16 7 12
6 16 9 13
6 16 12 9
6 17 7 11
6 17 10 18
6 17 12 12
6 17 15 8
6 17 15 17
6 17 19 13
6 18 13 18
6 18 15 11
6 18 19 11
6 19 10 9
6 19 16 11
6 19 16 18
6 19 19 18
7 7 10 11
7 8 7 9
7 8 10 19
7 8 15 10
7 8 16 19
7 9 8 17
7 9 10 8
7 9 11 12
7 9 15 19
7 9 16 9
7 9 16 14
7 10 16 18
7 10 17 15
7 11 10 14
7 11 14 18
7 12 7 16
7 13 8 10
7 14 15 12
7 14 16 13
7 15 12 19
7 16 18 19
7 17 12 9
7 18 15 19
7 19 10 16
7 19 16 15
7 19 17 9
8 8 13 10
8 8 19 14
8 9 11 19
8 9 17 16
8 11 8 13
8 11 9 15
8 11 11 15
8 11 14 16
8 12 9 16
8 12 11 10
8 12 19 14
8 13 14 10
8 13 14 12
8 13 18 10
8 13 18 15
8 14 17 14
8 15 14 9
8 15 15 15
8 15 18 17
8 16 17 11
8 17 9 19
8 17 12 10
8 17 17 16
8 18 10 14
8 19 14 12
9 9 14 18
9 9 18 14
9 10 15 16
9 13 13 14
9 14 11 17
9 14 15 18
9 15 16 15
9 15 17 10
9 16 10 13
9 17 10 10
9 17 18 13
9 18 11 14
9 19 11 18
9 19 13 18
10 11 12 17
10 11 15 12
10 12 10 17
10 12 16 13
10 12 18 14
10 15 13 16
10 16 16 12
10 17 12 13
10 19 19 17
11 11 11 18
11 12 13 14
11 15 19 16
11 16 11 19
11 16 18 14
11 16 19 13
11 17 17 15
11 17 17 19
11 18 13 17
11 18 13 19
11 18 15 15
11 18 15 17
11 18 16 13
12 12 13 17
12 15 13 13
12 16 14 13
12 16 17 13
12 17 14 13
12 17 14 18
12 18 13 16
12 18 19 15
12 19 15 14
13 14 18 16
13 19 14 15
14 16 17 16
14 18 19 18
