15 12
0 0 1 4
0 0 2 2
0 0 2 3
0 0 3 5
0 1 6 3
0 1 8 2
0 1 11 1
0 1 11 4
0 1 16 5
0 1 18 1
0 1 18 2
0 1 18 3
0 1 19 2
0 2 7 2
0 2 11 4
0 2 11 5
0 2 13 4
0 2 16 1
0 2 18 4
0 2 19 3
0 2 19 5
0 3 6 1
0 3 6 3
0 3 7 3
0 3 12 3
0 3 13 5
0 3 14 4
0 3 16 1
0 3 18 5
0 3 19 1
0 4 6 5
0 4 8 2
0 4 13 4
0 4 14 3
0 4 15 5
0 4 16 1
0 4 17 2
0 4 18 1
0 4 18 4
0 4 19 2
0 5 7 1
0 5 8 5
0 5 9 3
0 5 9 4
0 5 11 5
0 5 12 3
0 5 13 2
0 5 14 4
0 5 15 1
0 5 17 2
6 6 10 12
6 7 7 17
6 7 7 19
6 7 18 12
6 8 10 15
6 9 10 14
6 9 10 15
6 9 18 11
6 11 6 14
6 11 9 15
6 11 16 16
6 11 18 12
6 12 7 17
6 12 8 9
6 12 11 9
6 12 12 13
6 12 17 8
6 13 7 15
6 13 8 8
6 14 11 9
6 14 14 15
6 15 7 13
6 15 12 13
6 15 16 12
6 15 16 14
6 16 9 10
6 16 19 17
6 17 6 19
6 17 15 10
6 18 11 11
6 18 14 17
6 18 15 10
6 18 16 13
6 18 19 17
6 19 19 17
7 7 7 8
7 7 16 9
7 8 10 19
7 8 13 19
7 9 14 16
7 10 10 13
7 10 16 8
7 11 12 10
7 11 14 9
7 12 7 18
7 12 12 9
7 12 19 14
7 14 17 9
7 14 19 16
7 15 8 13
7 15 16 15
7 15 19 9
7 15 19 18
7 16 9 9
7 16 14 19
7 16 17 11
7 16 19 11
7 17 14 11
7 17 17 18
7 18 17 15
7 19 9 18
7 19 11 13
8 8 8 18
8 8 9 17
8 8 14 10
8 8 15 13
8 8 18 13
8 9 11 15
8 10 14 14
8 10 18 15
8 11 10 10
8 11 14 11
8 12 10 13
8 12 16 15
8 12 18 17
8 13 9 10
8 13 9 14
8 13 15 19
8 15 12 9
8 15 19 19
8 16 9 14
8 16 13 17
8 17 17 15
8 18 16 15
8 19 14 19
9 9 11 15
9 10 17 11
9 11 16 16
9 11 18 10
9 12 10 10
9 14 13 11
9 15 10 18
9 16 16 12
9 17 16 18
9 17 18 12
9 18 18 12
9 18 19 17
9 19 10 14
9 19 12 11
10 10 13 11
10 10 15 13
10 12 15 16
10 12 15 17
10 13 11 11
10 13 14 17
10 14 14 16
10 15 12 19
10 15 16 16
10 16 18 11
10 17 12 12
10 17 16 12
10 19 13 19
11 12 14 18
11 16 14 14
11 17 13 18
11 17 13 19
11 18 13 16
11 19 19 14
12 12 14 14
12 12 19 17
12 14 15 18
12 16 13 17
13 13 16 17
13 13 18 19
13 14 14 19
13 15 15 18
13 17 17 17
13 17 18 16
13 19 14 19
14 15 15 17
