20 16
0 0 4 3
0 0 5 2
0 0 5 3
0 0 5 4
0 1 6 4
0 1 11 1
0 1 12 4
0 1 12 5
0 1 13 4
0 1 16 3
0 1 17 1
0 1 19 2
0 1 20 1
0 1 20 5
0 1 22 5
0 1 23 3
0 1 24 1
0 1 24 2
0 2 6 3
0 2 7 2
0 2 7 3
0 2 10 2
0 2 11 4
0 2 13 3
0 2 14 5
0 2 16 1
0 2 16 2
0 2 18 1
0 2 18 2
0 2 19 3
0 2 22 5
0 2 24 1
0 3 6 2
0 3 6 5
0 3 9 1
0 3 9 2
0 3 10 1
0 3 10 5
0 3 13 1
0 3 13 2
0 3 15 5
0 3 16 4
0 3 16 5
0 3 17 1
0 3 19 3
0 3 23 4
0 4 6 3
0 4 7 2
0 4 8 2
0 4 10 3
0 4 10 5
0 4 12 1
0 4 14 4
0 4 18 4
0 4 20 5
0 4 23 2
0 4 23 3
0 4 23 4
0 5 6 4
0 5 6 5
0 5 8 4
0 5 9 1
0 5 9 3
0 5 11 3
0 5 13 4
0 5 19 1
0 5 23 2
0 5 23 5
6 6 6 24
6 6 20 12
6 6 21 23
6 7 13 13
6 8 10 8
6 9 6 14
6 9 7 19
6 9 7 21
6 10 14 12
6 10 22 16
6 10 22 20
6 11 12 19
6 11 18 13
6 11 22 7
6 12 20 7
6 12 21 19
6 13 14 17
6 14 11 9
6 14 23 12
6 15 11 21
6 15 13 22
6 15 14 21
6 15 23 24
6 16 11 15
6 16 17 20
6 17 10 19
6 17 14 17
6 17 20 19
6 18 7 18
6 18 17 13
6 18 19 12
6 19 7 14
6 19 23 18
6 20 22 20
6 20 24 9
6 21 8 17
6 21 14 18
6 21 17 21
6 22 20 12
6 23 12 16
6 23 17 23
6 23 18 14
6 23 20 20
6 23 21 24
6 24 15 16
6 24 24 24
7 7 7 20
7 7 9 12
7 7 21 12
7 8 11 20
7 8 12 16
7 8 13 20
7 9 15 14
7 10 11 17
7 10 13 8
7 10 13 21
7 10 17 22
7 10 24 23
7 11 8 12
7 11 12 11
7 12 8 19
7 12 12 23
7 12 21 23
7 12 22 8
7 13 10 11
7 13 18 20
7 13 24 15
7 14 13 22
7 14 22 8
7 15 10 20
7 15 11 12
7 15 18 19
7 16 8 8
7 17 16 18
7 17 23 9
7 18 11 17
7 18 19 10
7 19 22 15
7 20 8 13
7 20 8 15
7 20 11 11
7 21 10 22
7 21 12 20
7 21 15 20
7 21 21 18
7 21 22 12
7 22 14 22
7 22 15 8
7 22 15 22
7 24 22 19
8 8 11 17
8 8 19 22
8 9 10 19
8 9 18 20
8 10 9 20
8 11 9 24
8 11 20 23
8 12 10 18
8 12 14 13
8 14 11 12
8 14 17 9
8 14 20 14
8 14 24 10
8 15 8 16
8 15 12 13
8 15 19 17
8 15 21 15
8 16 11 22
8 16 15 16
8 17 11 18
8 18 10 18
8 18 15 10
8 18 16 11
8 18 16 16
8 18 17 19
8 19 13 9
8 19 18 11
8 19 21 24
8 19 22 12
8 20 21 20
8 21 24 22
8 22 18 10
8 22 21 9
8 22 21 21
8 24 13 13
8 24 17 12
8 24 24 19
9 9 19 10
9 9 20 12
9 9 20 22
9 11 10 22
9 12 10 12
9 13 9 16
9 13 15 17
9 13 24 22
9 14 10 21
9 14 22 21
9 15 10 21
9 15 17 15
9 15 21 15
9 15 24 24
9 16 10 10
9 17 22 18
9 17 24 23
9 18 15 23
9 18 19 13
9 19 10 12
9 19 17 13
9 20 15 19
9 20 23 11
9 21 19 24
9 21 23 11
9 21 24 13
9 22 12 10
9 22 17 24
9 22 22 16
9 23 14 10
9 23 14 23
9 23 18 22
9 23 19 15
9 23 23 21
9 24 24 14
10 11 14 20
10 11 22 14
10 12 13 23
10 12 16 15
10 13 17 19
10 13 23 12
10 14 16 19
10 16 20 13
10 16 23 14
10 16 24 13
10 17 11 24
10 17 12 15
10 17 18 13
10 17 23 18
10 18 13 21
10 18 24 20
10 19 11 14
10 20 15 21
10 21 24 22
10 22 11 19
11 12 20 19
11 12 21 13
11 13 16 20
11 13 16 21
11 13 23 19
11 16 19 19
11 17 16 16
11 17 23 17
11 18 16 22
11 18 22 14
11 19 14 14
11 19 20 15
11 20 24 14
11 21 17 12
11 21 18 20
11 22 14 13
11 22 15 14
11 23 14 16
11 23 14 20
11 23 21 14
11 24 14 22
12 12 17 24
12 13 20 18
12 14 14 24
12 15 16 17
12 16 17 24
12 17 19 13
12 18 13 23
12 18 22 17
12 21 19 15
12 21 21 17
12 21 23 17
12 24 16 18
13 13 14 16
13 13 16 20
13 14 23 14
13 17 24 18
13 19 15 19
13 19 21 18
13 22 23 20
13 24 15 24
13 24 18 14
14 15 17 18
14 15 22 16
14 17 16 21
14 18 20 17
14 19 24 21
14 20 18 18
14 23 15 16
14 24 19 15
15 16 19 19
15 16 22 19
15 16 23 21
15 17 23 17
15 18 24 16
15 20 17 21
15 21 21 24
15 22 19 22
15 23 18 16
16 16 22 17
16 17 23 17
16 18 24 18
16 18 24 22
16 20 21 17
16 20 21 24
16 24 20 19
18 20 24 23
19 22 24 23
20 23 23 23
20 24 22 21
