15 15
0 0 1 1
0 0 4 1
0 0 4 5
0 0 5 2
0 1 7 4
0 1 9 2
0 1 11 4
0 1 12 3
0 1 13 1
0 1 15 3
0 1 17 1
0 1 18 4
0 1 19 5
0 1 20 2
0 1 20 4
0 2 6 2
0 2 6 5
0 2 8 1
0 2 8 4
0 2 9 3
0 2 13 4
0 2 15 2
0 2 17 1
0 2 18 3
0 2 20 1
0 2 21 4
0 3 6 2
0 3 6 3
0 3 9 3
0 3 12 1
0 3 14 2
0 3 14 4
0 3 15 5
0 3 16 2
0 3 18 5
0 3 20 5
0 3 21 3
0 4 6 1
0 4 8 5
0 4 9 3
0 4 10 3
0 4 10 4
0 4 12 5
0 4 14 2
0 4 20 1
0 4 21 2
0 5 6 4
0 5 11 5
0 5 12 5
0 5 13 4
0 5 16 3
0 5 17 1
0 5 17 2
0 5 19 1
0 5 19 3
0 5 21 5
6 7 9 8
6 8 7 17
6 8 10 17
6 8 11 11
6 8 14 19
6 8 21 11
6 9 13 8
6 10 6 13
6 10 7 17
6 10 19 9
6 10 19 14
6 11 11 9
6 11 13 8
6 11 14 21
6 11 15 7
6 11 15 20
6 11 21 12
6 12 20 13
6 13 7 8
6 13 8 19
6 14 9 10
6 14 11 15
6 14 19 12
6 15 12 10
6 16 8 16
6 17 13 18
6 17 14 10
6 18 8 8
6 18 9 10
6 18 11 19
6 18 11 20
6 19 17 14
6 19 20 8
6 20 11 20
6 20 12 20
6 21 10 19
6 21 13 10
6 21 13 14
6 21 18 8
7 7 8 15
7 7 17 12
7 7 18 10
7 8 16 10
7 9 11 14
7 9 13 17
7 9 15 8
7 9 17 8
7 9 19 12
7 9 20 11
7 10 9 9
7 10 12 10
7 10 17 20
7 11 12 14
7 11 15 13
7 12 8 9
7 12 8 16
7 13 8 11
7 14 17 21
7 15 15 18
7 15 15 20
7 15 17 16
7 15 20 13
7 15 21 16
7 16 10 16
7 16 18 13
7 17 12 15
7 17 12 19
7 18 16 15
7 18 18 17
7 19 10 19
7 20 9 21
7 20 12 10
7 21 18 16
7 21 20 16
7 21 20 17
7 21 20 18
8 9 12 14
8 9 17 9
8 10 20 13
8 11 15 20
8 14 10 10
8 15 10 13
8 15 12 15
8 15 13 14
8 15 14 21
8 15 18 14
8 16 13 18
8 16 16 15
8 16 20 16
8 17 17 18
8 18 12 10
8 18 19 18
8 19 11 15
8 19 11 16
8 20 8 21
8 20 16 12
9 9 17 13
9 10 9 17
9 10 12 13
9 11 11 12
9 11 14 17
9 12 10 21
9 12 13 10
9 14 13 12
9 14 18 15
9 15 14 14
9 15 19 13
9 16 13 19
9 16 15 13
9 16 18 16
9 16 19 11
9 17 20 11
9 18 13 17
9 20 12 19
9 21 11 12
9 21 12 13
9 21 20 12
10 12 15 16
10 13 18 20
10 13 19 19
10 14 14 14
10 14 19 17
10 16 14 14
10 16 18 12
10 17 14 11
10 17 14 13
10 17 20 15
10 19 11 12
10 20 13 13
10 20 20 14
10 21 15 12
10 21 21 11
11 12 11 21
11 12 17 15
11 14 19 20
11 15 19 21
11 16 13 14
11 16 16 19
11 16 21 18
11 17 17 21
11 17 21 21
11 18 12 13
11 20 15 14
11 21 21 15
12 12 16 13
12 17 13 20
12 18 17 16
12 18 20 20
12 19 16 16
12 19 19 14
12 20 15 19
13 14 13 18
13 15 21 18
13 16 19 16
13 17 16 16
13 19 21 14
13 21 19 16
14 14 21 20
14 17 15 17
14 18 21 15
14 21 18 20
14 21 20 18
15 17 18 18
15 17 19 21
15 19 17 16
16 16 18 17
16 17 19 21
18 18 18 19
18 19 19 19
