13 11
0 0 2 3
0 0 3 2
0 0 4 1
0 0 4 2
0 1 6 4
0 1 7 3
0 1 7 4
0 1 9 1
0 1 9 2
0 1 9 4
0 1 10 1
0 1 12 1
0 1 13 4
0 1 14 3
0 1 14 4
0 2 5 3
0 2 7 1
0 2 7 3
0 2 9 1
0 2 10 2
0 2 11 2
0 2 13 2
0 2 13 3
0 2 13 4
0 2 16 1
0 3 6 4
0 3 10 1
0 3 10 3
0 3 11 3
0 3 13 1
0 3 13 2
0 3 15 2
0 3 16 2
0 3 16 3
0 3 16 4
0 4 6 2
0 4 7 4
0 4 10 2
0 4 14 1
0 4 15 3
0 4 15 4
0 4 16 1
0 4 16 3
0 4 16 4
5 5 7 15
5 5 15 6
5 6 13 11
5 7 8 13
5 8 7 6
5 8 9 9
5 8 9 16
5 8 12 6
5 8 12 13
5 8 13 13
5 8 14 11
5 8 15 16
5 9 9 9
5 9 12 12
5 9 13 8
5 9 13 11
5 9 15 14
5 10 7 13
5 10 10 11
5 10 16 15
5 11 12 10
5 12 6 14
5 12 9 14
5 13 5 16
5 13 7 6
5 13 9 14
5 13 12 11
5 13 15 10
5 14 7 9
5 14 9 6
5 14 10 14
5 15 8 7
5 16 8 15
5 16 14 6
6 6 9 8
6 6 11 10
6 6 13 9
6 7 6 10
6 7 6 12
6 8 10 15
6 8 12 13
6 8 12 16
6 8 15 9
6 10 11 16
6 10 13 7
6 11 7 13
6 11 15 9
6 11 16 12
6 12 11 14
6 12 15 7
6 14 14 12
6 16 7 8
6 16 7 14
6 16 14 7
6 16 14 9
6 16 16 7
7 7 10 8
7 7 12 11
7 8 13 10
7 8 15 11
7 8 16 15
7 10 9 15
7 10 13 12
7 11 8 12
7 11 8 14
7 11 15 14
7 14 14 8
7 14 15 9
7 15 10 13
8 8 11 10
8 9 13 10
8 11 10 13
8 11 12 10
8 11 13 11
8 11 15 9
8 12 12 10
8 12 15 16
8 15 9 16
8 16 16 9
9 10 12 11
9 10 15 14
9 12 14 16
9 13 15 11
9 14 16 14
9 15 11 13
9 15 16 12
10 11 11 13
10 11 11 16
10 11 12 16
10 14 12 12
10 14 14 12
10 14 14 15
10 16 14 12
11 11 15 15
11 12 15 14
12 12 13 15
12 16 13 15
12 16 16 15
13 14 13 15
