13 6
0 0 1 4
0 0 2 4
0 0 3 1
0 0 3 2
0 1 6 3
0 1 7 4
0 1 8 3
0 1 9 2
0 1 9 4
0 1 10 3
0 1 10 4
0 1 11 2
0 2 5 2
0 2 5 4
0 2 7 1
0 2 7 3
0 2 9 2
0 2 9 3
0 2 11 3
0 2 12 1
0 3 6 4
0 3 7 3
0 3 8 2
0 3 8 3
0 3 10 1
0 3 11 1
0 4 6 1
0 4 6 4
0 4 7 1
0 4 8 1
0 4 10 2
0 4 11 1
0 4 11 2
0 4 12 2
5 5 7 12
5 5 11 9
5 6 5 11
5 6 5 12
5 6 9 11
5 6 10 8
5 8 6 10
5 8 9 9
5 9 6 9
5 9 8 11
5 9 11 11
5 10 7 7
5 10 7 9
5 10 8 8
5 10 9 9
5 10 12 8
5 11 7 7
5 11 8 8
5 11 11 6
5 12 6 8
6 6 7 9
6 6 10 7
6 6 11 10
6 6 12 11
6 7 9 12
6 8 10 12
6 10 8 8
6 12 7 12
6 12 10 8
6 12 10 9
7 7 10 8
7 7 10 9
7 8 9 11
7 9 12 11
7 10 8 8
7 11 8 11
7 11 9 10
7 11 12 12
7 12 12 10
8 10 11 12
8 11 12 9
8 12 10 9
9 10 12 12
9 11 10 12
