16 14
0 0 1 3
0 0 2 4
0 0 4 2
0 0 5 1
0 1 6 1
0 1 6 5
0 1 9 3
0 1 11 2
0 1 14 4
0 1 15 2
0 1 15 3
0 1 16 2
0 1 18 2
0 1 20 1
0 1 20 2
0 2 6 1
0 2 7 1
0 2 7 5
0 2 10 4
0 2 14 4
0 2 14 5
0 2 16 5
0 2 17 1
0 2 17 5
0 2 19 3
0 3 8 1
0 3 9 3
0 3 13 1
0 3 13 3
0 3 14 1
0 3 14 5
0 3 16 3
0 3 18 1
0 3 19 4
0 3 21 3
0 3 21 5
0 4 6 3
0 4 8 2
0 4 8 4
0 4 8 5
0 4 9 5
0 4 10 4
0 4 12 2
0 4 16 5
0 4 17 5
0 4 21 2
0 5 7 1
0 5 7 3
0 5 9 4
0 5 10 3
0 5 13 1
0 5 15 4
0 5 16 4
0 5 18 2
0 5 21 2
0 5 21 4
6 6 21 9
6 7 8 9
6 7 10 19
6 7 16 11
6 8 8 10
6 8 8 14
6 8 9 7
6 8 10 10
6 8 17 16
6 8 18 8
6 8 18 15
6 9 12 7
6 10 21 13
6 12 15 19
6 12 16 16
6 13 7 11
6 13 7 16
6 13 21 15
6 14 7 8
6 14 7 19
6 14 14 10
6 14 15 19
6 14 19 19
6 15 12 20
6 15 15 8
6 15 20 9
6 16 8 14
6 16 8 17
6 16 9 9
6 16 13 21
6 16 20 15
6 17 16 13
6 17 20 17
6 18 10 20
6 19 14 10
6 20 10 8
6 21 13 7
6 21 14 19
6 21 15 8
6 21 19 18
6 21 20 8
7 7 12 15
7 7 20 20
7 8 17 16
7 9 13 12
7 9 14 16
7 9 17 16
7 10 20 12
7 11 10 8
7 11 11 21
7 11 18 16
7 12 11 12
7 12 15 8
7 12 18 13
7 13 9 20
7 13 11 16
7 13 20 17
7 16 9 20
7 16 17 8
7 17 15 17
7 18 11 15
7 18 11 16
7 18 21 10
7 19 8 19
7 19 13 12
7 19 18 11
7 19 18 14
7 20 10 21
7 20 11 17
7 20 12 18
7 21 13 12
8 8 19 19
8 10 11 12
8 11 18 10
8 12 10 18
8 12 10 20
8 13 21 21
8 14 17 12
8 14 20 12
8 15 9 9
8 15 21 14
8 16 18 9
8 16 18 17
8 18 17 16
8 18 19 16
8 19 17 13
8 19 20 18
8 21 14 18
8 21 16 16
9 9 15 13
9 10 9 20
9 10 21 15
9 11 12 19
9 11 15 14
9 11 19 18
9 12 13 21
9 12 14 10
9 12 19 18
9 12 20 13
9 13 14 20
9 14 11 20
9 14 11 21
9 14 12 19
9 14 21 17
9 15 14 14
9 16 16 19
9 16 20 14
9 17 11 13
9 17 12 21
9 18 20 15
9 19 11 20
9 19 13 17
9 20 10 11
9 21 15 16
10 10 13 11
10 10 15 13
10 10 21 13
10 11 10 15
10 11 20 12
10 11 21 14
10 12 19 20
10 14 10 20
10 14 16 20
10 14 17 17
10 14 19 18
10 16 12 17
10 16 15 17
10 17 11 12
10 17 12 21
10 17 21 16
10 18 12 18
11 11 18 13
11 12 13 15
11 13 11 21
11 13 12 18
11 13 15 21
11 13 21 13
11 14 17 18
11 15 17 17
11 15 19 20
11 16 20 19
11 17 12 21
11 17 19 15
11 19 12 18
11 19 15 14
11 20 12 16
11 21 15 13
12 13 14 15
12 13 17 20
12 14 12 18
12 15 19 18
12 18 18 18
12 19 21 17
12 20 19 13
13 18 17 15
13 18 19 21
13 18 21 16
13 19 17 17
13 20 13 21
13 21 15 14
14 14 14 15
14 15 15 20
14 15 17 17
15 16 15 20
15 20 19 16
16 20 17 19
17 18 18 19
18 20 21 19
