18 13
0 0 1 1
0 0 2 1
0 0 2 2
0 0 3 1
0 1 9 1
0 1 9 3
0 1 9 4
0 1 13 4
0 1 14 4
0 1 15 2
0 1 15 3
0 1 16 2
0 1 16 5
0 1 18 2
0 1 21 2
0 2 7 1
0 2 7 3
0 2 8 2
0 2 10 3
0 2 15 5
0 2 16 5
0 2 18 1
0 2 18 5
0 2 19 5
0 2 20 4
0 3 6 1
0 3 9 1
0 3 12 5
0 3 13 3
0 3 14 3
0 3 16 2
0 3 17 5
0 3 19 1
0 3 19 3
0 3 20 1
0 3 21 2
0 4 9 2
0 4 10 3
0 4 12 5
0 4 14 4
0 4 14 5
0 4 15 4
0 4 16 3
0 4 16 4
0 4 16 5
0 4 17 3
0 4 21 4
0 5 6 4
0 5 10 2
0 5 10 5
0 5 12 3
0 5 12 4
0 5 19 1
0 5 20 1
0 5 20 2
0 5 20 4
0 5 21 2
0 5 21 3
6 6 6 14
6 6 6 16
6 6 8 20
6 6 15 20
6 7 11 11
6 7 20 19
6 8 6 15
6 8 11 13
6 8 13 10
6 8 18 16
6 9 6 16
6 9 8 13
6 10 16 14
6 10 16 20
6 11 12 11
6 11 14 11
6 11 16 8
6 11 19 18
6 11 20 10
6 12 14 17
6 14 14 7
6 15 13 19
6 16 7 8
6 16 10 8
6 16 21 18
6 17 7 8
6 17 7 13
6 17 9 21
6 17 11 8
6 17 13 17
6 18 14 9
6 18 14 21
6 18 18 15
6 19 14 18
6 19 15 14
6 20 9 18
6 20 17 12
6 21 9 19
7 7 11 12
7 7 12 21
7 7 14 13
7 7 14 17
7 7 21 16
7 8 9 9
7 8 12 13
7 8 13 11
7 8 13 21
7 9 8 19
7 10 8 19
7 10 10 9
7 10 10 12
7 11 12 17
7 11 13 19
7 12 10 8
7 12 10 12
7 12 18 20
7 13 16 13
7 14 14 15
7 14 19 20
7 14 21 15
7 15 11 13
7 15 16 14
7 16 8 8
7 16 14 21
7 18 9 15
7 18 16 13
7 18 20 10
7 18 21 10
7 19 9 12
7 19 10 15
7 19 19 15
7 20 10 21
7 20 16 17
8 8 12 12
8 9 8 16
8 9 21 11
8 10 13 21
8 11 13 9
8 11 16 17
8 11 20 17
8 12 19 13
8 13 12 12
8 13 17 13
8 13 19 18
8 14 9 13
8 14 12 9
8 16 13 15
8 16 18 9
8 18 11 17
8 19 20 14
8 20 15 9
8 20 15 13
8 21 9 20
8 21 11 17
8 21 11 21
8 21 13 20
8 21 16 16
8 21 20 10
9 9 9 15
9 10 12 18
9 10 15 18
9 11 10 15
9 12 10 15
9 12 17 21
9 14 11 19
9 15 20 10
9 16 17 11
9 17 10 11
9 17 15 12
9 18 14 10
9 18 15 15
9 18 17 14
9 18 20 16
9 19 11 10
9 19 18 21
9 20 11 15
9 20 13 14
9 20 21 14
9 21 18 19
10 10 11 19
10 10 17 11
10 10 17 16
10 10 18 21
10 11 12 14
10 14 15 14
10 15 13 11
10 15 18 13
10 15 21 20
10 16 18 19
10 17 13 19
10 18 10 19
10 19 13 15
11 11 14 20
11 11 17 12
11 12 15 15
11 12 19 20
11 13 12 20
11 13 20 20
11 14 16 16
11 15 17 19
11 17 13 21
11 18 18 16
11 19 15 15
11 19 21 14
11 20 19 14
12 13 16 18
12 13 21 17
12 14 15 18
12 14 20 15
12 15 19 17
12 16 18 16
12 16 20 13
12 17 12 19
12 17 13 18
12 17 14 18
12 17 19 19
12 20 19 14
12 21 14 21
12 21 16 16
12 21 18 19
13 14 18 15
13 14 20 21
13 16 14 18
13 16 21 15
13 17 21 19
13 18 14 15
13 18 16 21
13 20 20 17
14 17 17 15
14 17 21 20
15 17 17 19
15 17 20 16
15 19 18 16
16 19 17 19
17 17 21 20
18 20 21 21
