15 13
0 0 1 2
0 0 2 4
0 0 3 3
0 0 5 4
0 1 9 2
0 1 9 5
0 1 10 4
0 1 12 1
0 1 15 1
0 1 15 3
0 1 18 4
0 1 19 1
0 1 20 2
0 1 20 5
0 2 7 3
0 2 8 1
0 2 9 4
0 2 10 5
0 2 13 3
0 2 13 5
0 2 14 1
0 2 15 3
0 2 16 2
0 2 17 2
0 3 6 2
0 3 9 1
0 3 13 1
0 3 13 4
0 3 14 5
0 3 16 1
0 3 16 4
0 3 18 2
0 3 18 5
0 4 6 2
0 4 6 5
0 4 8 3
0 4 8 5
0 4 13 4
0 4 14 3
0 4 15 3
0 4 18 2
0 4 18 4
0 4 20 1
0 5 7 3
0 5 8 5
0 5 10 5
0 5 12 1
0 5 14 2
0 5 16 4
0 5 17 1
0 5 18 2
0 5 20 3
6 6 12 8
6 6 14 11
6 6 17 12
6 6 18 11
6 7 12 19
6 7 12 20
6 7 14 10
6 7 15 10
6 8 11 16
6 8 12 15
6 8 14 8
6 9 8 19
6 9 17 19
6 10 10 19
6 10 12 8
6 10 15 15
6 11 11 11
6 11 13 18
6 11 15 11
6 11 18 19
6 11 20 11
6 12 15 9
6 13 12 16
6 14 9 9
6 15 10 13
6 15 18 18
6 17 8 14
6 17 10 17
6 17 12 17
6 17 19 15
6 18 18 9
6 19 9 7
6 19 12 15
6 19 19 14
6 20 8 14
7 7 10 19
7 7 17 15
7 8 17 8
7 8 17 15
7 8 18 13
7 9 12 8
7 9 13 11
7 9 16 9
7 10 15 17
7 10 16 12
7 10 16 18
7 10 19 8
7 11 20 15
7 12 7 20
7 12 11 13
7 12 16 11
7 12 18 20
7 13 13 10
7 13 19 19
7 14 10 16
7 14 14 10
7 15 8 9
7 15 13 13
7 15 18 20
7 15 20 20
7 17 13 20
7 18 14 17
7 18 17 13
7 19 14 9
7 19 16 14
7 20 10 14
7 20 20 18
8 8 11 18
8 8 20 13
8 9 17 11
8 10 12 13
8 10 12 14
8 10 14 19
8 12 11 20
8 12 12 13
8 13 10 16
8 13 17 19
8 14 17 19
8 15 16 18
8 15 19 12
8 15 20 12
8 16 9 19
8 17 17 11
8 17 17 16
8 18 14 9
8 19 9 18
8 19 10 19
9 9 17 10
9 9 17 18
9 10 17 13
9 10 17 18
9 12 13 11
9 12 13 17
9 13 11 15
9 13 16 18
9 14 18 11
9 15 16 14
9 15 18 11
9 15 18 12
9 16 10 13
9 16 17 18
9 17 15 11
9 18 12 18
9 18 15 13
9 19 19 17
9 20 11 14
10 11 15 17
10 11 18 12
10 12 12 12
10 13 11 15
10 13 14 11
10 14 10 20
10 14 19 11
10 16 20 14
10 17 13 19
10 19 20 15
10 20 13 12
10 20 13 18
11 14 11 16
11 14 12 20
11 14 16 19
11 14 19 19
11 15 14 13
11 16 16 19
11 17 16 17
11 19 11 20
11 19 15 16
12 15 12 16
12 15 12 20
12 17 16 13
12 18 16 19
12 20 17 15
13 13 16 20
13 15 19 20
13 20 14 19
13 20 20 20
14 14 20 20
14 15 16 16
14 16 15 20
14 16 18 16
14 16 20 18
14 19 16 18
16 16 17 17
