11 9
0 0 1 1
0 0 1 3
0 0 4 1
0 0 4 2
0 1 7 4
0 1 8 3
0 1 10 2
0 1 11 4
0 1 12 4
0 1 13 3
0 1 14 2
0 2 5 4
0 2 6 4
0 2 10 3
0 2 12 1
0 2 12 2
0 2 12 3
0 2 14 2
0 2 14 3
0 2 14 4
0 3 5 2
0 3 7 4
0 3 9 1
0 3 9 2
0 3 10 1
0 3 10 4
0 3 11 1
0 3 12 2
0 3 13 2
0 4 7 1
0 4 7 3
0 4 8 1
0 4 8 4
0 4 10 1
0 4 10 3
0 4 12 3
5 5 5 14
5 6 8 13
5 6 10 12
5 6 14 9
5 7 10 11
5 8 7 12
5 8 9 8
5 9 13 14
5 9 14 9
5 10 6 9
5 10 8 13
5 10 13 14
5 12 7 8
5 12 8 13
5 12 10 11
5 12 11 6
5 13 6 6
5 13 7 7
5 13 8 10
5 13 11 9
5 13 11 11
5 13 12 14
5 14 9 6
5 14 10 9
5 14 11 11
5 14 14 6
6 6 7 13
6 6 8 7
6 6 9 11
6 6 12 9
6 7 12 14
6 8 8 8
6 9 10 14
6 9 13 9
6 10 7 7
6 11 7 9
6 11 11 7
6 11 13 14
6 12 9 11
6 13 7 13
6 13 12 7
6 13 12 14
7 7 8 11
7 8 12 11
7 9 8 14
7 9 10 12
7 9 13 9
7 10 10 13
7 11 10 10
7 13 9 12
7 14 13 11
8 8 13 9
8 9 10 14
8 10 9 10
8 10 10 9
8 11 11 10
8 12 8 14
8 14 11 12
8 14 14 11
9 12 14 14
10 12 13 13
11 11 12 12
11 11 13 12
