10 7
0 0 1 1
0 0 1 3
0 0 2 1
0 0 2 2
0 1 4 1
0 1 4 2
0 1 5 2
0 1 6 3
0 1 7 3
0 1 8 3
0 1 10 1
0 1 11 3
0 2 5 2
0 2 6 2
0 2 6 3
0 2 8 1
0 2 9 2
0 2 10 2
0 2 10 3
0 2 11 3
0 3 5 1
0 3 5 2
0 3 6 1
0 3 6 2
0 3 7 1
0 3 7 3
0 3 8 1
0 3 9 1
0 3 9 2
0 3 9 3
4 4 6 11
4 5 11 6
4 6 5 10
4 6 8 8
4 6 8 11
4 6 9 9
4 7 6 9
4 7 7 8
4 7 8 8
4 7 10 9
4 7 11 7
4 8 4 11
4 8 6 5
4 8 7 11
4 8 10 5
4 9 4 10
4 9 10 7
4 10 5 5
4 10 10 5
5 5 6 8
5 5 11 6
5 6 8 11
5 7 8 10
5 9 6 7
5 9 9 9
5 9 11 7
5 10 8 11
5 11 8 10
5 11 9 8
5 11 11 8
6 6 7 7
6 7 10 7
6 8 6 9
6 8 9 11
6 10 10 11
7 7 7 10
7 8 7 10
8 11 9 11
9 9 11 11
9 10 10 10
