13 9
0 0 2 2
0 0 2 3
0 0 3 4
0 0 4 2
0 1 6 2
0 1 6 4
0 1 9 1
0 1 9 2
0 1 10 3
0 1 11 3
0 1 12 3
0 1 13 1
0 1 14 2
0 1 15 3
0 2 7 4
0 2 8 3
0 2 9 3
0 2 11 1
0 2 13 1
0 2 13 2
0 2 14 1
0 2 15 4
0 3 5 4
0 3 6 1
0 3 7 2
0 3 8 2
0 3 10 4
0 3 13 1
0 3 14 2
0 3 14 4
0 3 15 3
0 4 5 1
0 4 6 3
0 4 7 1
0 4 7 2
0 4 10 1
0 4 10 4
0 4 11 4
0 4 12 4
0 4 14 3
5 5 10 6
5 6 12 9
5 6 14 8
5 7 13 6
5 7 13 7
5 7 15 11
5 8 5 14
5 8 5 15
5 8 7 9
5 8 8 14
5 8 15 9
5 9 6 12
5 9 8 9
5 9 8 15
5 9 10 15
5 9 15 6
5 10 8 14
5 10 11 8
5 11 8 8
5 11 9 8
5 12 6 12
5 12 7 6
5 13 11 6
5 14 9 12
5 15 7 15
5 15 8 8
5 15 13 7
6 6 8 7
6 6 9 7
6 7 6 8
6 7 7 14
6 7 10 8
6 11 9 9
6 11 11 11
6 11 13 10
6 11 14 11
6 12 11 13
6 12 15 7
6 13 11 15
6 13 15 12
6 14 10 12
6 15 9 11
6 15 9 12
7 7 12 9
7 7 14 10
7 8 9 9
7 9 12 9
7 9 15 13
7 10 9 8
7 10 9 14
7 12 10 9
7 13 10 11
7 13 15 12
7 14 12 8
8 8 15 11
8 10 8 15
8 11 10 14
8 11 14 11
8 13 10 13
8 14 10 13
9 10 12 14
9 11 11 10
9 12 13 14
9 14 15 13
10 10 11 15
10 10 13 13
10 13 12 11
10 13 13 11
10 13 14 15
10 14 12 12
10 14 15 12
10 15 12 12
11 12 15 15
11 13 14 14
11 14 12 12
11 14 13 15
12 14 13 13
