20 8
0 0 1 1
0 0 2 3
0 0 5 1
0 0 5 3
0 1 6 2
0 1 7 4
0 1 10 3
0 1 14 5
0 1 15 2
0 1 16 5
0 1 17 1
0 1 18 2
0 1 18 3
0 1 18 5
0 2 6 2
0 2 7 1
0 2 8 3
0 2 10 2
0 2 11 1
0 2 11 3
0 2 12 2
0 2 13 4
0 2 14 5
0 2 15 1
0 3 6 2
0 3 7 4
0 3 8 1
0 3 8 4
0 3 11 2
0 3 14 1
0 3 17 4
0 3 17 5
0 3 18 2
0 3 18 3
0 4 8 2
0 4 10 5
0 4 11 5
0 4 12 3
0 4 13 5
0 4 15 1
0 4 15 4
0 4 16 5
0 4 17 3
0 4 18 5
0 5 6 3
0 5 8 4
0 5 12 1
0 5 13 1
0 5 15 2
0 5 15 4
0 5 16 4
0 5 18 4
6 6 7 9
6 8 7 10
6 8 12 9
6 8 16 12
6 8 18 11
6 9 9 14
6 9 14 12
6 9 14 13
6 9 14 18
6 10 13 10
6 11 16 12
6 12 8 17
6 12 10 12
6 12 11 17
6 12 17 8
6 13 6 15
6 13 8 10
6 14 6 16
6 14 7 16
6 14 16 9
6 14 18 11
6 14 18 15
6 15 15 16
6 16 11 16
6 16 15 13
6 17 7 11
6 17 11 8
6 17 16 18
6 17 17 11
6 18 10 9
6 18 12 13
7 7 7 9
7 7 14 10
7 7 16 12
7 7 16 15
7 8 9 17
7 8 17 15
7 10 12 16
7 10 16 9
7 12 8 16
7 12 10 11
7 12 14 12
7 12 14 18
7 13 8 12
7 14 8 9
7 14 13 13
7 14 15 10
7 14 17 18
7 15 10 15
7 15 15 14
7 15 16 18
7 16 12 10
7 16 18 13
7 17 11 16
7 17 18 12
7 18 13 10
7 18 18 11
8 9 9 11
8 9 10 11
8 9 10 13
8 9 15 9
8 9 15 12
8 9 16 10
8 10 9 18
8 10 12 11
8 10 15 16
8 11 15 15
8 12 9 14
8 13 8 17
8 13 10 17
8 14 9 10
8 16 14 16
8 17 9 17
8 18 12 15
8 18 14 14
8 18 18 18
9 10 17 10
9 11 9 13
9 11 13 11
9 11 13 17
9 11 15 14
9 13 11 16
9 14 13 17
9 15 10 16
9 16 14 13
9 17 15 17
9 18 13 12
9 18 14 11
10 12 17 12
10 13 17 15
10 13 17 16
10 14 10 15
10 16 13 15
10 17 17 13
10 18 11 14
10 18 12 14
10 18 15 18
11 11 12 12
11 11 16 13
11 11 18 17
11 14 17 13
11 16 15 17
11 17 15 12
11 17 16 12
11 18 13 13
12 16 14 13
13 13 13 15
14 14 15 16
