20 5
0 0 1 1
0 0 1 3
0 0 2 1
0 0 4 4
0 1 6 2
0 1 8 2
0 1 9 5
0 1 10 1
0 1 12 2
0 1 12 4
0 1 13 2
0 1 13 5
0 2 6 3
0 2 7 3
0 2 7 5
0 2 8 1
0 2 9 4
0 2 11 1
0 2 11 5
0 2 12 4
0 3 6 1
0 3 7 3
0 3 8 3
0 3 9 1
0 3 9 3
0 3 9 5
0 3 12 5
0 3 13 5
0 3 14 1
0 4 8 4
0 4 9 1
0 4 10 3
0 4 12 1
0 4 12 2
0 4 13 2
0 4 13 4
0 4 14 2
0 5 6 4
0 5 6 5
0 5 7 3
0 5 7 4
0 5 11 2
0 5 11 3
0 5 12 4
0 5 12 5
0 5 14 2
6 6 7 10
6 6 11 7
6 6 11 14
6 6 14 11
6 7 7 13
6 7 13 11
6 7 14 12
6 8 11 10
6 9 7 13
6 9 9 7
6 9 14 7
6 10 9 7
6 11 8 7
6 11 9 12
6 11 10 7
6 11 11 10
6 11 12 10
6 12 12 13
6 13 13 14
6 14 10 9
6 14 11 12
7 7 7 10
7 7 14 9
7 8 12 9
7 10 8 12
7 11 8 12
7 12 9 9
7 12 12 8
7 14 8 9
7 14 8 13
7 14 10 12
8 8 9 13
8 9 14 10
8 9 14 13
8 10 9 13
8 10 10 13
8 10 14 12
8 11 9 12
8 11 9 13
8 12 8 14
8 12 12 11
8 13 12 11
8 13 13 13
8 14 9 9
8 14 10 9
8 14 11 10
8 14 11 13
9 13 13 10
10 10 10 13
10 10 11 11
10 10 12 14
10 13 14 11
11 13 14 14
11 14 13 14
