20 18
0 0 2 1
0 0 2 2
0 0 2 3
0 0 5 1
0 1 6 3
0 1 6 5
0 1 8 1
0 1 9 1
0 1 11 3
0 1 12 4
0 1 13 3
0 1 13 4
0 1 14 2
0 1 17 1
0 1 20 4
0 1 22 1
0 1 24 2
0 1 25 4
0 1 26 2
0 2 10 1
0 2 15 1
0 2 16 5
0 2 17 3
0 2 18 5
0 2 19 2
0 2 19 4
0 2 20 2
0 2 20 4
0 2 21 3
0 2 23 4
0 2 26 4
0 3 6 5
0 3 7 1
0 3 12 5
0 3 13 5
0 3 14 4
0 3 15 1
0 3 15 4
0 3 16 2
0 3 16 5
0 3 17 3
0 3 19 2
0 3 19 4
0 3 24 4
0 3 26 5
0 4 6 3
0 4 6 5
0 4 9 3
0 4 9 5
0 4 10 5
0 4 11 5
0 4 14 5
0 4 15 2
0 4 16 3
0 4 17 2
0 4 18 4
0 4 26 1
0 4 26 2
0 4 26 4
0 5 8 3
0 5 9 3
0 5 11 3
0 5 14 1
0 5 15 2
0 5 16 2
0 5 17 5
0 5 19 2
0 5 21 1
0 5 22 1
0 5 24 1
0 5 24 3
0 5 26 2
6 7 19 25
6 7 21 18
6 8 8 23
6 8 12 18
6 8 16 18
6 8 17 22
6 9 6 24
6 9 13 19
6 9 15 13
6 9 24 11
6 10 7 11
6 10 7 12
6 10 17 16
6 10 24 14
6 11 13 11
6 11 23 11
6 12 9 24
6 12 11 23
6 12 20 19
6 12 23 17
6 12 26 16
6 13 10 15
6 13 13 20
6 14 18 20
6 14 26 23
6 16 10 19
6 16 23 15
6 17 13 26
6 17 15 20
6 17 24 11
6 17 25 24
6 18 17 19
6 18 19 13
6 18 22 22
6 18 26 9
6 19 16 17
6 19 26 10
6 20 15 11
6 22 12 10
6 22 16 23
6 22 23 21
6 23 11 15
6 23 20 10
6 23 25 22
6 25 8 22
6 25 12 18
6 25 13 23
6 25 15 10
6 25 18 9
6 25 20 14
6 25 21 17
6 26 9 18
6 26 15 22
6 26 16 7
7 7 12 19
7 7 14 16
7 7 25 8
7 7 25 11
7 8 8 11
7 8 18 15
7 8 21 15
7 8 21 26
7 8 23 8
7 9 16 26
7 9 18 17
7 9 20 24
7 9 24 18
7 9 26 15
7 10 22 13
7 10 26 17
7 11 22 13
7 12 9 8
7 13 11 13
7 13 12 20
7 13 15 11
7 13 22 22
7 14 9 23
7 14 14 20
7 14 14 25
7 14 15 21
7 14 22 12
7 15 11 14
7 15 16 15
7 16 19 11
7 17 12 11
7 17 13 26
7 18 10 13
7 19 17 20
7 20 23 13
7 20 23 15
7 21 9 25
7 21 16 18
7 21 18 10
7 23 21 16
7 24 15 24
7 24 23 13
7 25 10 16
7 25 11 14
7 25 15 19
7 25 19 16
7 25 20 14
7 26 26 18
8 8 19 23
8 8 20 20
8 9 11 24
8 9 24 15
8 10 9 12
8 10 11 11
8 10 26 20
8 11 9 25
8 11 13 18
8 11 21 22
8 12 24 14
8 13 10 10
8 14 8 19
8 14 12 26
8 14 26 21
8 15 20 18
8 15 22 10
8 15 23 24
8 17 14 11
8 17 15 24
8 17 17 18
8 17 22 12
8 18 20 21
8 19 24 9
8 20 15 16
8 20 15 25
8 21 18 11
8 21 21 21
8 21 26 24
8 22 9 21
8 22 10 26
8 22 13 9
8 22 18 19
8 23 26 26
8 24 14 10
8 25 15 22
8 26 13 17
8 26 24 23
9 9 24 12
9 10 16 17
9 10 20 19
9 11 21 23
9 12 16 12
9 13 12 19
9 14 9 21
9 15 14 16
9 17 15 18
9 18 12 18
9 18 24 12
9 19 13 12
9 19 14 25
9 19 19 13
9 20 10 14
9 20 22 26
9 20 23 13
9 21 16 13
9 21 25 14
9 22 20 11
9 22 22 22
9 23 14 13
9 23 19 20
9 23 26 24
9 24 20 26
9 24 25 17
9 25 13 15
9 25 19 23
9 26 22 11
10 11 15 11
10 11 16 21
10 12 23 20
10 13 11 14
10 13 18 22
10 14 25 15
10 15 17 14
10 15 23 24
10 16 10 26
10 16 21 26
10 18 19 12
10 18 22 16
10 18 26 23
10 19 23 12
10 20 20 24
10 20 21 14
10 21 12 24
10 21 13 22
10 22 13 20
10 22 15 13
10 22 17 20
10 23 12 21
10 23 25 16
10 25 12 16
10 25 16 19
10 25 17 25
10 25 18 13
10 25 22 23
10 26 11 25
11 13 22 18
11 13 24 16
11 13 25 24
11 14 14 15
11 14 23 24
11 14 26 24
11 15 19 26
11 17 14 16
11 17 16 14
11 17 16 22
11 18 12 12
11 19 14 22
11 19 23 15
11 21 17 20
11 21 20 23
11 22 13 22
11 22 23 23
11 23 17 21
11 23 19 15
11 25 12 26
12 12 21 16
12 14 26 16
12 15 15 18
12 16 14 17
12 16 23 15
12 17 18 19
12 17 19 14
12 17 25 26
12 18 24 17
12 20 12 23
12 20 21 14
12 21 12 26
12 21 16 22
12 23 19 18
12 23 25 21
12 24 14 23
12 24 20 16
12 24 20 19
12 24 24 23
13 13 24 26
13 14 13 17
13 14 14 19
13 14 19 25
13 15 17 15
13 17 22 25
13 21 23 25
13 24 15 22
13 24 17 23
13 24 18 23
13 25 22 20
13 25 25 26
14 14 22 17
14 16 16 16
14 19 26 24
14 20 17 24
14 21 18 18
14 22 24 24
15 17 19 24
15 17 19 26
15 18 20 25
15 18 26 19
15 19 21 18
15 20 17 20
15 22 21 22
15 24 23 16
16 16 18 23
16 16 19 22
16 17 18 26
16 18 20 22
16 20 20 25
16 21 20 19
16 25 19 21
16 25 24 25
16 26 22 25
17 18 21 21
17 18 23 19
17 20 17 22
17 23 18 21
17 24 20 21
18 18 22 22
18 19 25 20
18 20 26 21
18 24 20 21
19 20 26 21
19 21 19 23
19 24 21 25
19 26 22 25
21 21 24 23
21 24 25 26
21 26 25 26
