17 8
0 0 3 2
0 0 3 4
0 0 4 2
0 0 4 3
0 1 6 2
0 1 6 4
0 1 8 1
0 1 8 2
0 1 8 4
0 1 9 2
0 1 12 1
0 1 12 3
0 1 12 4
0 1 13 3
0 1 14 3
0 1 15 2
0 2 5 4
0 2 6 1
0 2 6 2
0 2 7 3
0 2 9 4
0 2 10 1
0 2 12 1
0 2 12 2
0 2 12 4
0 2 13 3
0 2 14 2
0 2 15 3
0 3 6 1
0 3 6 4
0 3 7 3
0 3 9 4
0 3 11 1
0 3 13 1
0 3 13 3
0 3 14 1
0 3 16 2
0 4 5 4
0 4 6 3
0 4 6 4
0 4 7 3
0 4 9 1
0 4 10 1
0 4 10 2
0 4 12 1
0 4 13 2
5 5 9 6
5 5 12 10
5 5 13 13
5 6 9 7
5 6 13 11
5 7 10 16
5 7 11 10
5 7 15 9
5 7 15 10
5 8 8 10
5 8 16 6
5 8 16 10
5 9 14 7
5 10 7 12
5 11 6 14
5 11 7 10
5 12 8 16
5 12 11 7
5 12 13 9
5 12 15 12
5 13 8 13
5 13 13 12
5 13 15 13
5 14 6 11
5 14 8 10
5 14 11 14
5 14 12 9
5 14 13 15
5 16 6 6
6 6 14 15
6 7 8 7
6 7 15 16
6 8 7 16
6 9 7 12
6 9 9 15
6 9 10 13
6 9 14 16
6 10 10 12
6 10 15 16
6 11 12 10
6 12 12 8
6 13 8 9
6 14 15 10
6 16 8 16
6 16 15 11
6 16 16 11
7 8 15 13
7 9 10 13
7 10 7 14
7 12 8 14
7 12 10 14
7 12 15 14
7 13 7 14
7 13 11 10
7 13 11 13
7 13 12 9
7 14 8 10
7 14 9 9
7 15 8 8
7 15 15 16
7 16 8 10
8 8 15 14
8 8 16 10
8 10 10 16
8 11 9 9
8 11 11 16
8 11 16 15
8 13 15 10
8 13 15 11
8 14 14 16
8 15 12 13
8 16 15 14
9 9 16 16
9 10 9 14
9 10 11 13
9 11 11 11
9 11 15 11
9 12 13 16
9 14 13 16
9 15 14 15
9 16 11 10
9 16 16 11
10 11 12 11
10 13 14 12
10 14 11 11
11 12 14 12
11 13 15 12
11 13 15 14
11 16 15 12
12 15 15 16
