19 11
0 0 1 3
0 0 2 2
0 0 2 3
0 0 3 1
0 1 8 4
0 1 9 5
0 1 10 1
0 1 10 5
0 1 12 3
0 1 13 1
0 1 14 2
0 1 15 2
0 1 15 3
0 1 16 2
0 1 16 4
0 2 6 4
0 2 6 5
0 2 7 3
0 2 9 5
0 2 12 4
0 2 14 2
0 2 15 4
0 2 16 5
0 2 19 1
0 3 6 2
0 3 7 2
0 3 8 1
0 3 8 3
0 3 13 5
0 3 15 3
0 3 15 5
0 3 16 3
0 3 20 2
0 3 20 3
0 4 6 2
0 4 6 4
0 4 8 1
0 4 8 2
0 4 11 4
0 4 12 1
0 4 14 1
0 4 15 1
0 4 16 4
0 4 19 5
0 4 20 3
0 5 7 1
0 5 7 2
0 5 11 4
0 5 12 4
0 5 12 5
0 5 13 5
0 5 14 3
0 5 16 1
0 5 18 1
0 5 20 4
0 5 20 5
6 6 16 11
6 7 12 17
6 7 13 12
6 7 20 12
6 8 10 18
6 8 11 9
6 8 12 17
6 9 7 16
6 9 8 10
6 9 18 9
6 9 18 16
6 10 9 10
6 10 14 16
6 10 18 14
6 11 15 10
6 12 13 9
6 14 8 19
6 14 9 12
6 14 10 10
6 14 17 18
6 14 19 14
6 15 13 17
6 16 13 8
6 16 18 14
6 17 7 15
6 17 15 17
6 17 17 14
6 17 19 12
6 18 10 18
6 18 13 11
6 18 14 19
6 18 16 14
6 18 18 15
6 19 10 13
6 19 16 9
6 20 9 12
6 20 12 17
6 20 14 12
6 20 15 7
6 20 15 10
7 7 16 13
7 9 7 16
7 9 13 19
7 10 10 11
7 10 20 8
7 11 8 14
7 11 9 16
7 11 11 10
7 11 12 8
7 11 17 8
7 11 19 8
7 12 7 20
7 12 8 8
7 12 10 9
7 12 11 10
7 12 14 11
7 13 19 8
7 14 15 12
7 15 7 18
7 15 13 9
7 15 15 11
7 15 16 20
7 16 19 17
7 17 8 9
7 17 9 13
7 17 20 14
7 18 9 15
7 18 13 18
7 19 19 13
7 19 20 19
7 20 8 16
7 20 10 14
8 8 8 10
8 8 10 14
8 9 11 10
8 9 19 13
8 11 9 16
8 11 12 17
8 11 17 16
8 13 16 13
8 13 19 17
8 13 20 10
8 14 12 15
8 15 17 11
8 18 13 17
8 18 13 18
8 18 20 12
8 19 9 15
8 19 9 17
8 19 20 11
8 20 16 10
8 20 17 18
9 10 15 18
9 11 9 13
9 11 9 18
9 11 19 14
9 11 20 19
9 12 20 16
9 14 9 20
9 14 19 11
9 15 11 11
9 16 14 18
9 17 19 11
9 19 13 12
9 19 16 13
9 20 11 14
9 20 17 20
10 10 10 19
10 10 15 19
10 12 15 16
10 13 12 18
10 13 15 13
10 13 20 18
10 15 17 20
10 15 18 15
10 16 20 13
10 17 13 15
10 18 18 20
10 19 11 18
10 19 17 16
10 20 18 19
11 11 14 17
11 11 16 19
11 11 17 19
11 14 11 15
11 14 15 18
11 15 13 13
11 15 17 17
12 12 15 16
12 12 18 16
12 13 18 14
12 13 19 19
12 16 14 19
12 16 15 15
12 17 12 20
12 17 15 16
12 17 16 19
12 19 16 14
12 19 17 19
12 20 18 13
13 14 13 18
13 14 16 20
13 14 17 14
13 14 20 14
13 19 20 15
13 20 17 18
14 15 17 20
14 16 15 16
14 17 18 15
16 16 19 17
16 17 18 20
17 18 18 20
17 19 18 20
