15 14
0 0 1 3
0 0 1 4
0 0 2 2
0 0 5 4
0 1 7 5
0 1 8 4
0 1 8 5
0 1 9 2
0 1 13 5
0 1 16 1
0 1 18 2
0 1 18 4
0 1 20 1
0 2 10 5
0 2 12 2
0 2 13 2
0 2 13 3
0 2 14 1
0 2 16 3
0 2 16 5
0 2 17 4
0 2 18 4
0 2 18 5
0 3 9 1
0 3 9 2
0 3 11 1
0 3 12 3
0 3 12 5
0 3 13 4
0 3 14 5
0 3 16 1
0 3 18 3
0 3 19 1
0 3 20 2
0 4 6 1
0 4 7 1
0 4 8 3
0 4 8 4
0 4 9 2
0 4 9 3
0 4 12 3
0 4 15 1
0 4 17 2
0 4 17 5
0 4 18 5
0 5 6 3
0 5 7 2
0 5 7 3
0 5 7 4
0 5 13 2
0 5 14 4
0 5 17 1
0 5 19 4
0 5 20 3
6 6 12 7
6 6 13 12
6 7 11 8
6 7 14 10
6 8 10 20
6 8 16 14
6 9 9 14
6 9 15 19
6 9 16 16
6 10 12 20
6 10 15 19
6 10 17 11
6 10 19 9
6 11 9 19
6 11 10 15
6 11 16 7
6 11 18 9
6 12 9 15
6 12 13 14
6 12 14 7
6 12 14 15
6 13 7 10
6 13 12 8
6 14 9 8
6 14 10 10
6 14 11 20
6 14 18 13
6 15 13 14
6 15 17 17
6 15 20 11
6 17 16 7
6 17 18 7
6 17 18 17
6 18 14 11
6 18 15 8
6 19 7 10
6 19 8 14
6 19 10 20
6 19 15 11
6 19 16 18
6 20 7 7
6 20 14 11
7 7 18 8
7 8 8 18
7 8 12 19
7 9 9 16
7 9 15 10
7 9 17 11
7 10 13 8
7 11 8 8
7 11 19 12
7 12 12 13
7 12 15 15
7 13 12 18
7 14 7 15
7 14 7 18
7 14 20 8
7 15 13 20
7 15 15 13
7 17 9 12
7 17 14 11
7 17 16 10
7 17 20 16
7 18 8 9
7 18 8 11
7 18 17 12
7 19 18 20
7 19 20 10
7 20 14 11
8 8 10 15
8 9 8 13
8 9 20 12
8 10 18 17
8 11 17 20
8 11 18 13
8 11 20 17
8 12 9 9
8 12 17 14
8 13 14 18
8 15 9 17
8 16 8 20
8 16 19 11
8 17 12 13
8 17 12 16
8 17 13 15
8 18 17 12
8 18 20 16
8 19 14 15
8 20 10 11
8 20 12 19
8 20 14 11
9 9 9 17
9 10 18 10
9 12 10 16
9 12 16 15
9 13 9 16
9 13 17 12
9 14 14 16
9 14 17 10
9 15 17 10
9 16 10 13
9 16 15 13
9 16 16 14
9 16 17 18
9 16 19 13
9 18 10 10
9 18 16 12
9 19 19 11
9 20 10 16
10 10 10 16
10 10 12 16
10 12 11 18
10 14 15 16
10 15 10 20
10 15 14 14
10 16 17 18
10 16 19 14
10 17 17 20
10 18 18 11
10 18 19 19
10 19 16 11
10 19 19 15
11 11 13 13
11 11 20 12
11 12 11 13
11 14 14 15
11 15 19 17
11 16 11 19
11 16 17 13
11 16 20 15
11 16 20 20
11 17 18 20
11 19 15 12
11 19 19 14
11 20 13 19
11 20 16 12
12 12 15 20
12 13 15 15
12 15 16 13
12 15 18 20
12 17 16 13
12 18 20 20
12 20 13 13
12 20 14 19
13 13 19 19
13 14 17 19
13 14 19 19
13 17 19 15
13 18 15 14
13 18 17 18
13 20 18 16
14 16 19 15
14 18 15 15
14 19 15 17
17 19 20 18
17 19 20 20
