19 6
0 0 1 1
0 0 3 2
0 0 5 1
0 0 5 4
0 1 6 2
0 1 8 4
0 1 9 4
0 1 10 4
0 1 11 3
0 1 13 1
0 1 13 3
0 1 15 4
0 1 15 5
0 2 7 1
0 2 7 4
0 2 7 5
0 2 8 2
0 2 9 5
0 2 10 3
0 2 11 1
0 2 13 1
0 2 15 1
0 3 8 1
0 3 9 5
0 3 10 2
0 3 11 2
0 3 11 5
0 3 13 1
0 3 14 2
0 3 15 5
0 4 8 3
0 4 8 4
0 4 9 3
0 4 9 5
0 4 11 2
0 4 12 3
0 4 13 2
0 4 14 3
0 4 15 4
0 5 6 4
0 5 7 1
0 5 8 3
0 5 9 5
0 5 11 5
0 5 12 3
0 5 15 2
6 6 6 7
6 6 13 13
6 6 15 8
6 6 15 15
6 7 7 7
6 7 15 14
6 8 11 15
6 8 14 8
6 8 14 11
6 9 11 12
6 9 12 10
6 9 14 7
6 10 7 14
6 10 12 12
6 10 13 14
6 11 14 10
6 11 14 12
6 12 6 13
6 12 12 10
6 12 12 12
6 12 12 15
6 12 15 15
6 13 7 14
6 14 14 10
7 7 13 12
7 8 8 9
7 8 8 15
7 8 14 12
7 9 13 8
7 9 15 9
7 10 10 14
7 10 11 9
7 10 12 15
7 11 8 13
7 11 12 10
7 12 10 8
7 12 14 9
7 12 15 14
7 13 8 14
7 13 10 9
7 14 13 9
7 15 10 10
7 15 12 9
8 8 8 15
8 8 15 9
8 9 9 15
8 10 10 9
8 10 10 12
8 10 15 15
8 12 14 11
8 13 12 9
8 13 13 11
9 9 11 12
9 10 11 12
9 11 13 13
9 13 10 12
9 14 10 12
9 14 11 15
9 14 13 10
9 14 14 14
10 11 13 11
10 11 13 13
10 13 11 12
10 14 13 14
11 11 11 13
11 11 11 15
11 11 15 14
13 15 15 14
