20 17
0 0 1 4
0 0 1 5
0 0 3 4
0 0 4 1
0 1 6 1
0 1 9 1
0 1 12 4
0 1 13 2
0 1 13 4
0 1 14 5
0 1 16 2
0 1 20 2
0 1 22 3
0 1 24 3
0 1 25 1
0 1 25 2
0 2 8 5
0 2 9 3
0 2 12 2
0 2 14 5
0 2 15 1
0 2 15 2
0 2 15 4
0 2 17 4
0 2 22 5
0 2 23 2
0 2 24 4
0 2 24 5
0 2 25 2
0 2 25 3
0 3 9 3
0 3 10 1
0 3 10 4
0 3 13 1
0 3 13 5
0 3 14 1
0 3 14 2
0 3 16 2
0 3 16 5
0 3 19 1
0 3 22 1
0 3 23 5
0 3 25 4
0 4 7 2
0 4 8 3
0 4 9 1
0 4 11 1
0 4 11 4
0 4 15 4
0 4 18 2
0 4 18 3
0 4 18 4
0 4 20 4
0 4 20 5
0 4 21 5
0 4 23 2
0 5 6 4
0 5 7 3
0 5 8 3
0 5 9 3
0 5 11 3
0 5 15 3
0 5 19 1
0 5 21 3
0 5 21 5
0 5 23 3
0 5 24 1
0 5 24 5
0 5 25 2
0 5 25 5
6 6 22 18
6 7 7 16
6 7 19 14
6 8 12 13
6 8 14 13
6 9 15 19
6 9 22 18
6 10 9 10
6 10 24 17
6 11 10 23
6 11 12 19
6 11 13 23
6 12 10 21
6 12 12 24
6 12 21 7
6 12 22 25
6 13 7 16
6 13 9 20
6 13 15 9
6 14 9 7
6 14 14 17
6 14 21 11
6 14 21 13
6 15 11 18
6 15 12 17
6 15 25 15
6 16 21 8
6 16 21 11
6 17 7 24
6 17 22 8
6 18 11 10
6 18 21 11
6 18 23 11
6 19 11 13
6 19 18 9
6 19 20 7
6 19 21 8
6 19 21 23
6 20 7 13
6 20 10 16
6 20 16 13
6 20 25 22
6 21 6 23
6 21 13 12
6 22 14 14
6 22 15 16
6 22 16 15
6 23 7 10
6 23 10 10
6 23 18 13
6 24 7 13
6 24 7 17
6 24 10 8
6 24 11 21
7 7 15 23
7 8 24 9
7 8 25 11
7 9 12 16
7 9 14 11
7 9 14 14
7 9 24 9
7 10 9 21
7 10 14 9
7 10 14 22
7 10 15 19
7 11 12 24
7 11 20 19
7 11 23 20
7 12 7 22
7 13 14 11
7 13 21 23
7 13 24 11
7 15 17 13
7 15 18 15
7 15 23 12
7 16 8 8
7 17 8 24
7 17 10 19
7 17 15 15
7 17 18 17
7 17 20 12
7 18 9 19
7 18 14 15
7 18 19 13
7 18 25 16
7 19 13 9
7 21 10 8
7 21 14 16
7 21 24 19
7 22 12 15
7 22 16 20
7 23 16 18
7 24 15 20
7 24 16 12
7 24 22 24
7 25 16 18
8 8 19 23
8 8 22 17
8 8 23 14
8 9 24 9
8 9 24 20
8 10 10 11
8 10 12 22
8 10 14 18
8 11 10 12
8 12 10 25
8 12 16 12
8 13 10 9
8 13 17 20
8 13 23 13
8 14 20 24
8 15 14 19
8 16 11 11
8 16 23 17
8 16 24 17
8 17 11 10
8 17 12 23
8 17 15 22
8 17 23 23
8 18 19 24
8 19 12 25
8 19 13 19
8 19 18 10
8 19 22 21
8 20 15 14
8 20 16 25
8 20 23 11
8 20 23 24
8 22 11 14
8 22 19 11
8 22 20 19
8 23 19 11
8 25 14 13
8 25 14 19
8 25 18 21
8 25 24 18
9 10 12 19
9 10 13 19
9 10 22 17
9 10 25 21
9 11 17 13
9 11 20 21
9 11 21 22
9 12 14 17
9 12 17 13
9 13 20 18
9 13 24 24
9 13 25 12
9 14 10 16
9 15 10 23
9 15 16 17
9 15 22 23
9 16 12 17
9 17 10 16
9 18 12 17
9 18 23 13
9 18 24 12
9 20 19 20
9 20 24 10
9 21 25 23
9 22 21 15
9 22 21 21
9 22 21 23
9 22 23 20
9 23 14 23
9 23 16 24
9 25 18 12
9 25 25 17
10 10 10 17
10 10 14 18
10 13 13 24
10 13 18 19
10 13 19 20
10 15 13 25
10 17 22 14
10 17 25 11
10 18 22 11
10 18 22 25
10 19 18 14
10 19 20 19
10 20 11 13
10 20 11 22
10 20 13 15
10 20 15 13
10 22 21 19
10 22 25 17
10 25 21 18
11 12 25 24
11 13 14 18
11 13 18 15
11 14 18 22
11 14 24 14
11 15 22 17
11 17 16 24
11 18 11 23
11 18 16 19
11 19 19 24
11 19 21 17
11 19 23 23
11 20 14 15
11 20 16 21
11 20 20 16
11 20 25 18
11 21 25 19
11 22 21 13
11 23 15 18
11 24 17 15
12 12 14 14
12 12 15 22
12 13 25 22
12 14 12 16
12 14 19 13
12 14 23 19
12 15 16 24
12 15 17 16
12 15 20 14
12 15 20 23
12 16 12 24
12 16 19 17
12 17 16 15
12 17 17 14
12 18 19 25
12 19 18 14
12 21 13 23
12 21 23 22
12 22 22 20
12 24 22 17
13 14 16 24
13 14 17 20
13 16 18 19
13 16 24 16
13 20 18 21
13 21 25 24
13 25 17 25
13 25 22 15
14 15 16 20
14 16 16 20
14 18 18 17
14 19 21 21
14 21 15 24
14 23 18 21
14 24 23 15
14 25 21 22
15 16 22 24
15 17 16 20
15 17 18 25
15 18 16 20
15 18 25 16
15 21 21 25
15 22 21 20
15 24 21 25
15 25 21 24
16 19 17 25
16 20 21 25
16 20 24 23
16 21 22 22
16 24 19 25
16 25 17 17
16 25 17 24
16 25 23 19
17 18 24 18
17 19 20 18
17 20 22 19
17 23 23 20
18 21 23 22
18 22 23 20
18 23 23 25
20 24 25 22
21 23 21 25
21 23 25 22
