14 13
0 0 1 2
0 0 2 3
0 0 2 4
0 0 4 1
0 1 6 3
0 1 9 1
0 1 11 2
0 1 11 4
0 1 12 2
0 1 14 3
0 1 14 5
0 1 15 2
0 1 18 3
0 2 6 1
0 2 12 3
0 2 12 5
0 2 15 1
0 2 15 4
0 2 16 1
0 2 18 2
0 2 19 3
0 3 7 5
0 3 8 4
0 3 9 2
0 3 9 5
0 3 10 4
0 3 11 4
0 3 12 4
0 3 13 3
0 3 17 1
0 3 17 2
0 4 6 5
0 4 9 1
0 4 11 1
0 4 11 2
0 4 11 4
0 4 12 5
0 4 15 5
0 4 18 3
0 4 19 4
0 5 8 5
0 5 9 2
0 5 12 3
0 5 13 1
0 5 13 3
0 5 14 4
0 5 16 2
0 5 17 5
0 5 18 1
0 5 18 5
6 6 8 19
6 7 6 10
6 7 9 12
6 7 10 7
6 7 13 16
6 7 15 15
6 8 7 10
6 8 9 9
6 8 12 13
6 9 7 18
6 9 11 10
6 9 16 17
6 9 17 7
6 10 8 10
6 10 11 8
6 10 17 7
6 10 19 10
6 11 14 8
6 11 19 13
6 12 8 11
6 12 9 10
6 12 18 17
6 12 19 10
6 13 12 12
6 14 8 7
6 14 9 15
6 14 17 19
6 15 12 16
6 16 7 9
6 16 8 15
6 16 12 14
6 16 12 16
6 16 13 10
6 16 15 18
6 17 12 18
6 17 18 17
6 18 16 13
7 7 14 12
7 7 16 8
7 8 7 10
7 8 10 10
7 8 11 8
7 9 7 15
7 9 11 9
7 10 11 14
7 11 13 9
7 12 8 19
7 13 9 11
7 13 15 14
7 14 7 18
7 15 13 13
7 15 14 19
7 16 12 17
7 16 19 17
7 16 19 19
7 17 15 17
7 17 17 9
7 17 18 17
7 18 7 19
7 18 11 19
8 8 17 18
8 8 18 9
8 8 19 17
8 10 8 11
8 10 10 12
8 10 16 12
8 10 18 16
8 10 19 12
8 11 13 12
8 11 17 13
8 13 19 16
8 13 19 18
8 14 9 9
8 14 12 19
8 14 15 9
8 15 10 16
8 16 15 10
8 17 13 17
8 18 11 17
8 19 13 17
9 9 14 17
9 9 17 15
9 9 19 19
9 10 11 11
9 10 17 18
9 11 11 18
9 11 12 19
9 14 11 14
9 14 14 15
9 15 18 19
9 18 14 14
9 18 18 18
9 19 11 15
9 19 14 16
10 10 19 11
10 11 15 15
10 11 17 12
10 11 18 11
10 12 15 14
10 13 12 13
10 13 15 19
10 14 15 19
10 15 10 16
10 15 12 15
10 18 16 16
10 19 19 17
11 11 14 16
11 13 16 15
11 14 14 19
11 14 16 13
11 15 12 14
11 16 18 14
11 18 19 15
11 19 17 12
12 13 13 13
12 14 15 13
12 14 18 13
12 14 19 19
12 16 18 17
12 16 19 15
12 17 17 14
12 17 17 15
12 18 13 14
13 13 13 16
13 13 17 19
13 14 15 18
13 16 18 15
13 17 15 14
13 18 16 14
15 19 18 18
16 16 16 19
16 16 18 17
