13 8
0 0 1 1
0 0 2 2
0 0 3 1
0 0 3 3
0 1 5 1
0 1 7 1
0 1 8 2
0 1 9 2
0 1 9 3
0 1 11 3
0 1 12 2
0 1 12 4
0 1 14 2
0 2 5 1
0 2 5 3
0 2 6 2
0 2 7 4
0 2 8 4
0 2 9 4
0 2 10 1
0 2 13 1
0 2 13 3
0 3 5 4
0 3 7 1
0 3 9 3
0 3 11 1
0 3 12 2
0 3 13 1
0 3 13 3
0 4 5 2
0 4 5 3
0 4 6 4
0 4 7 4
0 4 8 4
0 4 9 4
0 4 11 3
0 4 12 2
0 4 13 2
5 5 6 9
5 6 11 14
5 6 12 8
5 7 5 9
5 7 6 10
5 8 7 8
5 8 10 7
5 9 6 10
5 9 11 7
5 9 12 13
5 10 14 8
5 11 6 8
5 11 9 14
5 11 10 12
5 11 11 11
5 12 7 10
5 12 9 12
5 12 11 11
5 12 13 14
5 13 6 9
5 13 10 12
5 14 7 7
6 6 8 8
6 6 10 14
6 6 14 9
6 7 6 12
6 7 9 13
6 8 10 12
6 8 10 13
6 9 6 10
6 10 10 7
6 10 10 11
6 10 13 11
6 12 9 14
6 13 8 14
6 13 9 13
6 13 11 11
6 14 13 7
7 7 9 12
7 7 11 13
7 7 14 10
7 8 7 10
7 8 10 9
7 10 13 12
7 11 9 13
7 12 14 14
7 13 12 9
7 14 9 12
8 8 12 9
8 8 14 10
8 9 8 14
8 9 12 11
8 10 11 14
8 11 11 13
8 11 13 14
8 12 11 14
8 13 8 14
8 14 9 13
9 10 9 11
9 14 10 10
10 11 14 14
10 13 12 11
10 13 12 12
10 13 14 11
11 12 14 14
12 12 13 13
