15 11
0 0 1 3
0 0 2 1
0 0 3 4
0 0 4 2
0 1 5 2
0 1 7 2
0 1 8 4
0 1 9 1
0 1 10 4
0 1 11 1
0 1 12 1
0 1 12 2
0 1 13 3
0 1 15 2
0 1 17 4
0 2 5 1
0 2 5 3
0 2 6 2
0 2 6 4
0 2 7 1
0 2 9 3
0 2 12 1
0 2 13 3
0 2 15 3
0 2 16 2
0 2 17 4
0 3 5 1
0 3 5 2
0 3 7 1
0 3 7 3
0 3 8 2
0 3 9 3
0 3 11 1
0 3 13 4
0 3 16 2
0 3 16 3
0 3 17 4
0 4 5 3
0 4 5 4
0 4 7 4
0 4 8 1
0 4 8 4
0 4 9 4
0 4 14 1
0 4 15 2
0 4 16 3
0 4 17 2
0 4 17 3
5 6 8 6
5 6 11 9
5 6 17 15
5 7 6 8
5 7 14 9
5 7 14 10
5 7 17 11
5 8 7 10
5 8 13 7
5 8 13 11
5 8 13 12
5 8 17 11
5 9 9 7
5 9 10 15
5 10 11 7
5 10 11 15
5 10 14 12
5 11 5 12
5 11 5 15
5 11 14 12
5 13 8 10
5 13 10 14
5 14 5 16
5 14 8 11
5 14 15 17
5 14 16 14
5 15 10 12
5 15 12 6
5 15 12 13
5 16 13 9
6 6 8 15
6 6 10 9
6 6 17 17
6 8 6 9
6 8 6 12
6 8 13 11
6 8 16 10
6 8 17 9
6 9 8 9
6 9 9 17
6 10 11 15
6 10 13 10
6 10 13 11
6 10 14 14
6 10 15 9
6 12 11 16
6 12 12 14
6 12 15 17
6 13 7 15
6 13 8 9
6 13 16 7
6 14 17 12
6 15 12 11
6 15 15 7
6 16 11 15
6 16 15 7
6 17 15 10
7 7 12 11
7 8 11 16
7 8 14 9
7 8 14 10
7 9 10 12
7 10 13 15
7 11 10 11
7 11 12 14
7 11 16 16
7 12 17 8
7 12 17 13
7 13 9 16
7 13 10 11
7 13 14 8
7 13 17 14
7 14 9 13
7 15 8 15
7 15 13 11
7 16 9 9
7 16 13 10
7 16 14 12
7 16 17 11
8 8 15 11
8 9 10 13
8 9 12 9
8 10 10 12
8 12 14 16
8 13 16 16
8 14 8 17
8 14 11 16
8 16 15 12
8 17 13 14
8 17 16 9
9 9 13 16
9 10 9 12
9 10 10 13
9 13 10 12
9 13 12 15
9 14 11 17
9 14 16 15
9 17 17 10
9 17 17 11
10 11 12 14
10 12 12 13
10 13 14 12
10 14 13 13
10 16 10 17
10 16 11 15
11 12 16 12
11 13 15 16
11 13 16 14
11 14 14 17
11 16 12 17
11 16 17 14
11 17 13 16
12 14 15 16
12 15 17 17
12 16 17 15
13 14 14 17
15 15 15 17
