15 5
0 0 1 1
0 0 3 3
0 0 4 3
0 0 4 4
0 1 6 3
0 1 7 3
0 1 8 1
0 1 9 2
0 1 9 3
0 1 11 2
0 1 12 2
0 1 12 4
0 2 5 1
0 2 5 4
0 2 6 1
0 2 6 2
0 2 6 4
0 2 7 3
0 2 8 2
0 2 10 4
0 2 11 1
0 3 5 3
0 3 6 2
0 3 7 1
0 3 7 4
0 3 8 4
0 3 9 1
0 3 11 4
0 3 12 2
0 4 6 1
0 4 7 2
0 4 8 1
0 4 8 3
0 4 8 4
0 4 10 2
0 4 12 3
5 5 9 9
5 5 9 12
5 6 5 9
5 6 5 12
5 6 10 11
5 6 11 11
5 6 12 9
5 7 8 10
5 7 12 9
5 8 8 7
5 9 11 12
5 10 6 8
5 10 10 7
5 10 11 8
5 11 6 9
5 12 12 6
5 12 12 8
6 6 6 12
6 6 10 7
6 10 8 7
6 10 9 11
6 11 10 10
6 11 12 10
6 12 9 9
7 7 7 8
7 7 8 11
7 8 7 9
7 8 11 11
7 8 11 12
7 9 10 10
7 9 10 12
7 10 11 11
7 12 8 10
8 8 11 11
8 9 8 10
8 10 11 9
9 9 9 12
9 9 12 10
10 10 11 12
