19 16
0 0 1 3
0 0 2 3
0 0 3 5
0 0 5 3
0 1 6 5
0 1 7 3
0 1 7 4
0 1 8 1
0 1 8 2
0 1 8 3
0 1 14 4
0 1 15 2
0 1 15 3
0 1 16 4
0 1 17 2
0 1 20 4
0 1 22 4
0 2 6 2
0 2 7 4
0 2 8 2
0 2 10 2
0 2 11 1
0 2 11 2
0 2 12 1
0 2 13 3
0 2 16 4
0 2 20 1
0 2 22 1
0 2 22 5
0 3 6 1
0 3 7 5
0 3 8 2
0 3 8 4
0 3 8 5
0 3 11 5
0 3 12 1
0 3 14 5
0 3 18 3
0 3 20 2
0 3 24 1
0 3 24 2
0 4 6 4
0 4 7 5
0 4 8 1
0 4 10 1
0 4 12 1
0 4 12 4
0 4 13 2
0 4 15 2
0 4 19 5
0 4 20 1
0 4 20 2
0 4 21 1
0 4 21 5
0 5 7 3
0 5 9 5
0 5 10 5
0 5 13 3
0 5 14 3
0 5 15 3
0 5 16 1
0 5 16 3
0 5 17 4
0 5 20 4
0 5 22 5
0 5 24 4
6 6 8 19
6 6 13 24
6 7 7 14
6 7 9 20
6 7 10 17
6 8 13 21
6 8 20 11
6 9 6 18
6 9 12 8
6 10 8 16
6 11 6 19
6 11 11 22
6 11 13 13
6 12 17 11
6 13 10 22
6 13 16 9
6 13 17 24
6 14 7 8
6 14 8 19
6 14 19 15
6 15 9 17
6 15 12 15
6 15 19 24
6 15 23 10
6 16 7 12
6 16 22 20
6 16 23 14
6 16 23 16
6 17 12 16
6 17 21 17
6 18 13 9
6 18 13 15
6 18 17 11
6 18 18 9
6 18 18 24
6 20 8 13
6 20 15 13
6 20 19 23
6 21 13 20
6 21 18 24
6 21 21 10
6 22 17 24
6 23 8 22
6 23 9 7
6 24 17 17
6 24 18 11
7 7 11 16
7 7 12 22
7 7 24 21
7 8 7 12
7 8 11 24
7 8 12 9
7 9 12 12
7 9 21 19
7 9 23 12
7 9 24 20
7 10 9 17
7 11 16 22
7 11 23 13
7 12 11 11
7 13 9 18
7 13 13 9
7 14 7 24
7 14 21 11
7 15 10 14
7 15 16 10
7 15 20 16
7 16 10 20
7 16 16 8
7 17 19 14
7 17 21 9
7 18 22 19
7 19 15 13
7 19 18 11
7 19 22 21
7 20 7 23
7 20 10 15
7 22 18 16
7 22 19 8
7 23 15 10
7 24 8 21
8 9 15 18
8 10 11 14
8 10 22 12
8 10 23 11
8 11 12 12
8 12 17 20
8 12 19 10
8 13 21 16
8 13 24 14
8 14 10 15
8 14 13 9
8 14 13 23
8 14 16 16
8 14 21 19
8 14 23 13
8 15 19 24
8 15 20 13
8 16 10 19
8 16 16 9
8 16 20 13
8 17 15 9
8 18 9 12
8 18 12 20
8 18 16 22
8 19 19 18
8 20 10 20
8 20 15 21
8 22 20 11
8 24 14 14
8 24 23 15
8 24 23 20
9 9 12 10
9 10 11 22
9 10 12 12
9 10 14 17
9 10 16 21
9 11 23 22
9 12 11 15
9 12 20 12
9 13 11 19
9 13 22 22
9 14 11 15
9 14 18 17
9 15 9 18
9 15 17 19
9 16 15 18
9 16 16 18
9 17 15 11
9 17 17 12
9 18 14 12
9 18 14 20
9 19 12 10
9 19 24 20
9 21 12 24
9 21 15 20
9 22 15 10
9 22 24 15
9 23 11 20
9 23 12 24
9 23 17 21
10 10 19 14
10 12 14 22
10 12 23 23
10 14 11 19
10 14 13 21
10 16 15 16
10 16 19 19
10 17 10 23
10 17 23 14
10 17 23 17
10 17 24 21
10 18 16 11
10 18 17 16
10 19 11 16
10 20 11 19
10 21 22 11
10 22 15 12
10 22 18 14
10 23 12 18
10 23 14 11
10 24 12 13
10 24 17 19
10 24 19 23
10 24 21 23
11 13 21 14
11 13 23 12
11 14 11 21
11 15 18 16
11 17 24 13
11 18 15 18
11 20 12 17
11 20 12 20
11 21 14 18
11 21 20 24
11 21 23 16
11 22 12 17
11 22 15 12
11 22 16 15
11 22 20 13
11 24 17 23
11 24 21 21
12 13 18 22
12 13 24 21
12 15 16 18
12 15 17 15
12 16 14 14
12 18 12 22
12 18 13 22
12 21 20 19
12 24 18 20
13 14 23 21
13 15 19 22
13 15 23 21
13 16 13 21
13 16 16 17
13 17 24 18
13 17 24 24
13 19 18 21
13 19 18 24
13 21 23 14
13 22 13 23
13 22 13 24
13 22 21 24
14 14 24 24
14 15 24 17
14 17 18 16
14 19 16 22
14 19 18 20
14 19 19 21
14 20 15 20
14 20 16 19
14 21 17 23
14 23 18 18
14 23 21 20
14 24 22 18
15 16 19 22
15 16 21 23
15 17 23 22
15 17 23 23
15 23 22 23
15 24 19 19
15 24 21 21
16 20 23 19
16 22 23 24
16 23 19 19
17 17 17 19
17 17 24 19
17 19 17 22
17 20 18 18
17 21 18 21
18 20 24 22
18 21 23 23
18 22 22 21
18 22 22 22
19 20 19 23
20 21 20 23
20 24 21 23
