16 16
0 0 1 5
0 0 4 3
0 0 4 5
0 0 5 4
0 1 9 2
0 1 10 5
0 1 11 3
0 1 11 5
0 1 13 2
0 1 15 3
0 1 16 2
0 1 16 3
0 1 17 5
0 1 21 1
0 1 22 4
0 2 7 2
0 2 8 1
0 2 10 1
0 2 11 4
0 2 14 5
0 2 16 1
0 2 17 4
0 2 18 1
0 2 19 1
0 2 20 4
0 2 20 5
0 2 22 2
0 3 6 2
0 3 8 3
0 3 8 4
0 3 10 5
0 3 12 1
0 3 13 1
0 3 14 3
0 3 15 1
0 3 15 2
0 3 17 2
0 3 21 1
0 3 22 5
0 4 7 2
0 4 9 3
0 4 9 4
0 4 9 5
0 4 10 4
0 4 14 5
0 4 19 2
0 4 20 3
0 4 21 2
0 4 21 5
0 5 8 3
0 5 11 3
0 5 12 3
0 5 14 1
0 5 14 4
0 5 16 4
0 5 18 3
0 5 18 4
0 5 19 1
0 5 21 2
0 5 22 4
6 7 14 16
6 8 14 8
6 8 17 21
6 8 18 11
6 8 18 13
6 9 8 7
6 9 13 16
6 9 18 7
6 10 9 11
6 10 20 16
6 11 20 8
6 12 9 22
6 12 11 8
6 12 21 9
6 13 8 10
6 13 12 10
6 13 14 12
6 13 15 14
6 13 18 7
6 13 19 12
6 13 20 9
6 14 9 21
6 14 10 20
6 14 10 22
6 14 15 12
6 14 15 14
6 15 22 8
6 16 9 18
6 16 17 10
6 16 17 14
6 17 12 12
6 17 15 7
6 18 9 22
6 18 19 9
6 18 19 21
6 19 17 12
6 20 8 13
6 20 12 16
6 20 14 16
6 20 18 18
6 20 20 16
6 21 13 7
6 21 14 22
6 21 20 21
6 22 12 13
6 22 13 7
6 22 14 18
6 22 15 15
6 22 21 9
7 7 19 21
7 8 8 15
7 8 8 20
7 8 15 10
7 8 20 12
7 8 22 13
7 9 13 17
7 9 16 17
7 9 21 9
7 10 7 16
7 10 9 15
7 10 14 12
7 10 22 13
7 11 9 8
7 11 10 9
7 11 13 17
7 11 14 11
7 11 16 12
7 12 18 19
7 12 19 8
7 12 21 9
7 13 11 15
7 13 19 10
7 14 17 22
7 14 22 22
7 15 19 18
7 16 11 12
7 16 15 8
7 16 20 21
7 17 13 17
7 18 18 10
7 19 16 9
7 19 17 15
7 20 8 10
7 20 19 9
7 21 17 10
7 21 21 11
7 22 17 10
7 22 21 13
8 9 18 13
8 10 8 22
8 10 13 16
8 10 13 21
8 10 18 22
8 10 20 18
8 13 16 19
8 14 9 16
8 14 11 18
8 15 12 20
8 15 16 17
8 15 21 21
8 16 9 20
8 16 10 17
8 17 9 18
8 17 16 9
8 18 10 18
8 19 16 17
8 19 18 19
8 20 11 19
8 20 18 11
8 20 21 12
8 22 9 9
9 9 20 11
9 11 10 14
9 11 14 13
9 11 17 11
9 11 21 12
9 13 15 19
9 14 19 17
9 14 19 20
9 15 10 15
9 16 16 11
9 17 19 22
9 19 11 17
9 19 14 12
9 19 22 21
9 21 15 11
9 22 11 14
10 10 10 17
10 11 14 11
10 14 20 18
10 15 10 16
10 15 13 13
10 15 19 13
10 16 16 14
10 17 16 15
10 18 15 17
10 19 11 12
10 19 13 20
10 19 17 12
10 20 13 15
10 22 14 19
10 22 16 17
10 22 18 18
11 11 16 14
11 13 18 12
11 14 15 16
11 15 17 12
11 15 19 20
11 15 22 20
11 16 13 17
11 16 17 19
11 17 11 22
11 17 20 18
11 18 12 21
11 19 19 17
11 20 12 19
11 22 20 13
11 22 22 20
12 12 19 15
12 13 12 18
12 13 18 20
12 13 20 17
12 14 21 19
12 15 15 18
12 15 22 22
12 16 21 17
12 17 12 18
12 18 17 15
12 18 18 17
12 19 18 22
12 20 15 17
12 21 13 16
12 21 17 22
12 22 17 16
13 14 21 21
13 15 16 19
13 16 13 21
13 17 21 14
13 18 21 14
13 20 15 15
13 21 20 19
13 21 22 17
14 15 19 20
14 15 19 21
14 15 20 19
14 16 15 22
14 16 22 20
14 17 19 16
14 20 22 18
14 22 20 16
14 22 21 18
15 20 21 20
15 21 18 21
15 21 19 17
16 16 21 22
18 18 22 19
