11 11
0 0 1 3
0 0 2 3
0 0 3 1
0 0 3 4
0 1 5 3
0 1 6 2
0 1 6 4
0 1 7 2
0 1 9 3
0 1 12 2
0 1 12 3
0 1 14 3
0 1 14 4
0 2 5 3
0 2 5 4
0 2 7 1
0 2 7 3
0 2 8 1
0 2 8 2
0 2 10 4
0 2 13 2
0 2 15 1
0 3 5 1
0 3 7 2
0 3 7 4
0 3 9 2
0 3 10 4
0 3 11 1
0 3 12 1
0 3 15 2
0 4 7 3
0 4 8 1
0 4 9 1
0 4 9 2
0 4 9 3
0 4 9 4
0 4 10 1
0 4 11 4
0 4 15 2
0 4 15 4
5 5 8 13
5 5 8 14
5 6 7 9
5 6 8 10
5 6 11 9
5 6 11 15
5 6 12 11
5 6 13 10
5 6 15 12
5 7 8 8
5 7 9 11
5 7 11 11
5 7 11 14
5 7 14 7
5 7 15 10
5 8 6 8
5 8 12 6
5 9 11 13
5 10 6 11
5 10 9 8
5 11 14 8
5 12 14 10
5 13 8 6
5 13 10 15
5 13 11 14
5 14 9 15
5 15 6 9
5 15 8 13
6 6 12 15
6 6 13 7
6 6 14 11
6 7 13 8
6 8 9 10
6 9 13 12
6 10 11 15
6 11 11 15
6 11 13 12
6 12 7 8
6 12 13 9
6 13 14 8
6 14 7 15
6 14 15 10
6 15 7 10
6 15 8 14
6 15 12 8
7 7 9 13
7 8 10 10
7 8 10 14
7 9 10 12
7 9 11 9
7 9 12 14
7 11 15 12
7 12 11 14
7 12 15 11
7 13 9 13
7 13 12 14
7 14 8 11
7 14 9 10
7 15 12 14
8 8 8 10
8 11 15 12
8 12 14 12
8 13 14 15
8 13 15 13
8 14 11 12
8 14 11 14
8 15 10 10
9 9 9 15
9 9 13 12
9 11 14 15
9 12 11 15
9 13 10 12
9 14 15 10
10 10 10 11
10 11 14 11
10 12 13 13
10 13 13 14
10 14 13 12
10 15 12 13
11 15 12 13
12 13 14 13
