18 10
0 0 2 3
0 0 2 4
0 0 3 1
0 0 3 2
0 1 6 4
0 1 7 1
0 1 10 1
0 1 11 2
0 1 12 2
0 1 13 2
0 1 15 1
0 1 15 3
0 1 17 1
0 1 18 3
0 1 19 3
0 2 7 2
0 2 7 4
0 2 8 5
0 2 12 4
0 2 13 4
0 2 14 5
0 2 15 2
0 2 17 2
0 2 18 4
0 3 7 1
0 3 7 5
0 3 16 1
0 3 16 5
0 3 17 2
0 3 17 5
0 3 19 1
0 3 19 2
0 4 6 2
0 4 8 5
0 4 9 4
0 4 12 3
0 4 15 3
0 4 17 1
0 4 17 3
0 4 18 2
0 4 18 3
0 4 19 1
0 5 6 5
0 5 7 4
0 5 10 4
0 5 11 3
0 5 11 5
0 5 13 3
0 5 16 4
0 5 17 1
0 5 17 5
0 5 19 5
6 6 11 10
6 6 15 11
6 7 14 16
6 7 19 11
6 8 8 8
6 8 12 19
6 8 19 18
6 9 7 11
6 9 8 17
6 9 9 17
6 9 13 15
6 9 13 18
6 10 8 12
6 10 16 12
6 11 17 10
6 11 18 14
6 12 6 17
6 12 9 17
6 12 10 8
6 12 10 11
6 12 13 9
6 13 17 10
6 15 10 16
6 16 7 15
6 16 8 14
6 16 11 14
6 16 19 18
6 17 18 13
6 18 10 12
6 18 16 12
6 18 19 17
6 19 10 12
6 19 14 19
6 19 19 12
7 7 13 15
7 7 14 15
7 7 19 8
7 8 7 17
7 8 13 19
7 8 14 14
7 9 8 17
7 9 13 10
7 9 15 18
7 9 16 17
7 10 9 12
7 10 16 16
7 11 10 9
7 11 10 12
7 12 15 14
7 13 8 11
7 13 17 11
7 14 9 10
7 14 13 14
7 14 16 10
7 16 8 10
7 17 10 8
7 17 15 8
7 18 9 19
7 19 16 11
7 19 17 9
8 8 10 9
8 9 14 17
8 9 14 19
8 10 18 12
8 11 11 13
8 12 8 17
8 13 15 10
8 14 14 11
8 15 9 17
8 15 16 14
8 15 19 9
8 16 13 19
8 18 11 17
8 18 12 10
8 18 12 17
8 18 19 15
8 19 10 11
8 19 19 13
9 9 9 18
9 9 18 11
9 11 15 15
9 12 18 14
9 12 19 12
9 12 19 17
9 13 13 16
9 14 11 18
9 14 14 12
9 16 11 15
9 16 15 18
9 17 12 18
9 18 15 10
9 19 11 18
10 10 14 14
10 11 17 11
10 12 13 14
10 13 15 19
10 14 11 13
10 14 13 16
10 14 15 14
10 14 15 15
10 15 16 17
10 18 16 18
10 18 18 17
10 18 19 14
11 11 11 15
11 11 12 15
11 12 15 18
11 13 16 19
11 13 17 16
11 14 15 12
11 18 12 14
11 19 13 12
12 12 13 17
12 15 14 16
12 15 19 15
12 17 13 19
12 18 17 14
13 13 13 16
13 14 18 17
13 15 16 16
13 16 14 15
13 16 16 18
13 17 14 18
13 18 16 17
13 19 15 18
13 19 16 16
14 16 16 19
15 15 19 16
