16 15
0 0 2 3
0 0 3 2
0 0 5 1
0 0 5 4
0 1 7 3
0 1 9 1
0 1 10 1
0 1 10 3
0 1 11 2
0 1 13 3
0 1 14 2
0 1 14 4
0 1 15 1
0 1 19 1
0 1 21 5
0 1 22 2
0 2 7 2
0 2 8 3
0 2 10 5
0 2 11 5
0 2 13 4
0 2 17 1
0 2 17 3
0 2 18 5
0 2 20 5
0 2 21 2
0 2 22 4
0 3 7 4
0 3 9 5
0 3 11 3
0 3 12 2
0 3 12 5
0 3 14 4
0 3 16 4
0 3 16 5
0 3 18 5
0 3 19 4
0 3 22 1
0 4 8 1
0 4 8 2
0 4 9 5
0 4 11 2
0 4 13 2
0 4 14 1
0 4 15 2
0 4 15 5
0 4 17 1
0 4 19 3
0 4 21 1
0 5 6 3
0 5 8 2
0 5 9 4
0 5 10 3
0 5 15 4
0 5 16 3
0 5 16 4
0 5 17 3
0 5 20 1
6 6 13 18
6 6 22 12
6 7 16 21
6 7 20 10
6 8 7 10
6 8 7 22
6 8 16 8
6 8 21 17
6 9 6 22
6 10 13 16
6 10 16 7
6 10 17 7
6 10 17 22
6 10 22 11
6 11 8 11
6 11 21 8
6 12 15 7
6 12 16 16
6 12 18 19
6 13 7 7
6 13 8 16
6 13 15 19
6 14 9 8
6 14 9 12
6 14 10 10
6 14 12 20
6 14 16 8
6 15 7 9
6 15 12 21
6 15 19 7
6 16 15 17
6 16 15 18
6 17 7 21
6 18 8 10
6 18 10 17
6 18 13 13
6 18 17 14
6 18 21 13
6 19 18 15
6 22 7 10
6 22 9 22
6 22 11 22
7 7 8 19
7 7 11 12
7 8 15 19
7 8 16 17
7 9 10 11
7 9 20 20
7 9 21 14
7 11 9 11
7 13 16 21
7 13 19 20
7 14 12 19
7 14 16 13
7 14 20 9
7 15 13 17
7 16 8 16
7 16 11 17
7 16 12 20
7 16 18 18
7 18 17 9
7 19 19 20
7 19 21 15
7 19 22 17
7 20 11 20
7 20 14 12
7 21 12 9
7 21 12 11
7 22 12 17
7 22 18 8
8 8 19 11
8 8 21 19
8 9 22 10
8 10 14 11
8 10 21 12
8 11 11 10
8 11 14 19
8 11 17 17
8 12 11 14
8 13 18 16
8 14 20 20
8 14 22 16
8 15 15 18
8 15 17 11
8 17 15 16
8 18 22 12
8 19 18 16
8 19 19 16
8 21 10 17
8 21 13 12
8 21 14 13
8 21 18 12
8 22 9 15
8 22 20 11
9 9 17 21
9 9 22 19
9 10 13 20
9 10 17 15
9 12 9 20
9 13 9 16
9 13 21 19
9 14 11 17
9 14 17 21
9 14 22 13
9 15 11 10
9 15 17 13
9 16 12 20
9 17 12 14
9 18 12 10
9 19 16 17
9 19 22 22
9 20 10 19
9 20 16 15
9 21 15 19
9 21 19 18
9 21 21 13
9 22 18 13
9 22 20 15
10 10 12 13
10 10 16 21
10 10 21 13
10 11 13 18
10 12 15 19
10 13 17 13
10 15 13 20
10 16 13 22
10 16 20 13
10 18 13 14
10 19 16 18
10 19 20 20
10 21 17 22
10 21 19 19
10 22 11 15
10 22 18 13
11 11 20 15
11 11 20 22
11 11 22 21
11 14 18 14
11 16 11 17
11 17 13 14
11 18 11 22
11 18 16 13
11 18 21 19
11 19 13 18
11 20 12 14
11 21 16 19
12 12 15 22
12 12 20 15
12 14 17 16
12 15 18 21
12 16 12 17
12 16 13 17
12 17 15 21
12 18 13 18
12 18 19 17
12 19 19 19
12 20 14 15
12 20 15 18
12 20 20 19
12 21 14 20
12 21 19 15
13 13 17 20
13 15 21 18
13 17 17 21
13 21 17 20
13 21 18 20
14 14 16 15
14 14 16 16
14 17 14 20
14 17 20 20
14 17 22 22
14 18 14 20
14 18 21 21
14 19 22 21
14 20 18 18
15 15 22 22
15 18 17 22
15 19 15 20
15 22 16 18
15 22 19 20
16 21 19 18
20 22 22 22
