20 10
0 0 2 5
0 0 3 3
0 0 5 4
0 0 5 5
0 1 7 1
0 1 7 2
0 1 7 4
0 1 9 5
0 1 10 1
0 1 11 2
0 1 12 2
0 1 13 3
0 1 16 3
0 1 16 5
0 1 18 4
0 1 20 5
0 2 6 1
0 2 9 3
0 2 10 1
0 2 10 5
0 2 11 2
0 2 14 5
0 2 15 3
0 2 18 2
0 2 18 3
0 2 19 2
0 3 6 3
0 3 10 3
0 3 12 1
0 3 13 4
0 3 14 2
0 3 14 4
0 3 17 4
0 3 18 5
0 3 19 5
0 3 20 1
0 4 6 1
0 4 12 3
0 4 13 2
0 4 13 5
0 4 15 4
0 4 16 1
0 4 16 3
0 4 18 1
0 4 18 2
0 4 19 1
0 4 20 2
0 5 6 4
0 5 7 2
0 5 8 4
0 5 10 1
0 5 11 4
0 5 12 3
0 5 17 4
0 5 19 1
0 5 20 5
6 6 20 8
6 6 20 16
6 8 7 11
6 8 11 10
6 9 9 11
6 9 11 9
6 9 13 8
6 9 13 13
6 9 14 9
6 10 8 9
6 10 14 7
6 11 10 10
6 12 12 20
6 12 13 16
6 12 19 17
6 13 7 12
6 13 14 15
6 13 14 16
6 13 16 16
6 14 14 14
6 15 10 15
6 15 11 7
6 15 11 20
6 15 14 17
6 15 15 13
6 15 19 15
6 16 13 20
6 17 10 14
6 17 16 19
6 17 18 14
6 18 8 14
6 19 9 11
6 19 12 14
6 19 15 8
6 20 7 7
6 20 20 10
7 8 14 10
7 8 17 13
7 8 19 16
7 8 20 15
7 9 16 8
7 9 19 11
7 10 9 10
7 10 14 8
7 10 17 9
7 11 13 17
7 11 16 15
7 11 17 19
7 12 16 19
7 12 17 18
7 12 19 9
7 13 12 18
7 13 17 17
7 14 11 14
7 14 14 11
7 15 14 20
7 15 20 17
7 16 15 17
7 16 17 8
7 17 12 9
7 17 14 19
7 17 18 19
7 18 9 9
7 19 8 12
7 19 9 11
7 19 11 17
7 20 16 20
7 20 17 19
8 8 8 18
8 8 9 20
8 8 18 15
8 10 11 18
8 11 16 13
8 11 18 17
8 12 12 9
8 12 17 16
8 13 13 13
8 14 12 20
8 14 18 17
8 14 19 13
8 15 9 15
8 15 17 16
8 15 20 14
8 16 9 19
8 16 12 16
8 17 19 11
8 18 9 14
8 18 19 9
8 20 12 20
8 20 14 15
9 9 14 13
9 10 13 17
9 10 15 12
9 11 15 13
9 11 15 15
9 11 19 11
9 12 9 20
9 13 16 11
9 17 12 11
9 18 19 10
9 19 17 16
9 19 18 19
9 20 12 15
10 10 16 11
10 10 17 11
10 10 18 12
10 11 13 12
10 11 15 15
10 13 10 18
10 13 11 18
10 13 12 16
10 14 10 18
10 14 12 12
10 14 15 19
10 14 18 12
10 16 13 12
10 18 16 12
10 20 20 20
11 12 18 12
11 13 16 18
11 13 18 19
11 15 13 13
11 19 13 18
11 20 12 15
11 20 18 12
11 20 20 19
12 16 13 20
12 18 17 14
12 19 17 16
12 20 14 16
13 13 20 18
13 15 17 15
13 16 20 16
14 15 18 15
14 17 18 18
14 18 18 19
14 19 16 19
14 19 20 17
14 20 16 15
15 16 19 16
15 17 17 19
15 18 17 18
16 17 19 18
16 17 20 17
