18 16
0 0 4 1
0 0 4 5
0 0 5 1
0 0 5 2
0 1 6 4
0 1 7 3
0 1 9 2
0 1 9 3
0 1 9 5
0 1 10 4
0 1 11 4
0 1 12 4
0 1 15 5
0 1 16 2
0 1 18 4
0 1 23 2
0 1 23 5
0 2 6 2
0 2 6 3
0 2 6 5
0 2 12 1
0 2 13 1
0 2 13 2
0 2 15 3
0 2 16 2
0 2 16 5
0 2 18 3
0 2 20 3
0 2 21 2
0 2 23 1
0 3 8 1
0 3 9 4
0 3 10 4
0 3 12 3
0 3 13 4
0 3 13 5
0 3 15 4
0 3 16 1
0 3 16 2
0 3 21 3
0 3 22 1
0 3 22 5
0 3 23 4
0 4 7 1
0 4 8 3
0 4 10 2
0 4 13 1
0 4 14 5
0 4 15 3
0 4 16 4
0 4 17 2
0 4 17 3
0 4 19 4
0 4 22 1
0 5 6 1
0 5 6 2
0 5 6 5
0 5 7 3
0 5 10 1
0 5 11 2
0 5 12 4
0 5 16 3
0 5 16 5
0 5 20 5
6 6 7 11
6 6 14 23
6 6 15 19
6 6 18 23
6 7 9 7
6 7 21 16
6 8 11 20
6 9 7 17
6 9 10 14
6 11 14 9
6 11 18 8
6 11 18 20
6 12 12 18
6 12 16 14
6 13 11 19
6 14 9 10
6 14 10 17
6 14 17 12
6 14 22 21
6 14 23 14
6 15 16 12
6 15 18 10
6 16 17 12
6 16 17 16
6 18 7 12
6 18 7 17
6 18 10 10
6 18 13 15
6 18 21 15
6 18 22 19
6 19 7 8
6 19 15 15
6 19 20 14
6 19 22 17
6 20 12 16
6 20 15 7
6 21 8 10
6 21 17 14
6 21 23 16
6 22 13 23
6 22 14 11
6 22 16 21
6 23 7 14
7 7 15 18
7 7 17 11
7 7 18 12
7 7 20 9
7 8 7 19
7 8 15 11
7 9 11 8
7 9 16 8
7 10 13 9
7 10 23 17
7 11 11 23
7 12 7 19
7 12 11 12
7 12 13 23
7 13 11 8
7 14 10 11
7 14 21 14
7 15 8 18
7 15 16 9
7 15 17 20
7 15 22 12
7 18 22 23
7 19 20 22
7 20 14 17
7 20 17 13
7 20 18 10
7 20 19 21
7 21 23 11
7 22 8 18
7 22 11 10
7 22 11 12
7 22 18 13
7 22 19 16
7 23 12 19
7 23 17 13
8 8 11 10
8 8 11 15
8 8 11 17
8 8 16 9
8 9 20 17
8 10 22 9
8 10 22 20
8 11 15 20
8 12 15 19
8 12 19 22
8 13 20 10
8 13 23 16
8 14 9 13
8 14 13 14
8 15 18 22
8 15 22 21
8 16 11 16
8 16 14 11
8 17 16 14
8 17 16 21
8 17 18 13
8 17 21 16
8 18 11 22
8 18 15 17
8 18 15 19
8 19 16 20
8 19 21 10
8 19 22 16
8 20 11 21
8 20 19 15
8 21 22 20
8 22 9 23
8 22 23 9
8 22 23 22
8 23 14 22
8 23 18 20
8 23 23 23
9 9 18 12
9 9 19 21
9 9 22 17
9 10 12 23
9 10 15 12
9 10 23 19
9 11 14 15
9 12 12 13
9 13 13 23
9 13 23 11
9 14 12 16
9 14 18 16
9 15 14 19
9 15 21 12
9 16 12 22
9 16 18 10
9 17 10 22
9 17 23 10
9 18 13 15
9 18 14 12
9 18 23 15
9 19 17 12
9 20 11 11
9 20 15 21
9 21 17 18
9 21 20 21
9 22 13 21
9 22 16 19
9 22 19 19
9 22 22 13
9 22 22 21
10 10 13 21
10 10 16 14
10 12 15 11
10 12 16 19
10 13 14 17
10 13 23 22
10 14 16 21
10 14 20 16
10 14 22 23
10 15 15 21
10 15 19 12
10 16 10 23
10 16 14 12
10 17 13 20
10 17 15 20
10 18 14 13
10 19 11 22
10 19 17 14
10 19 17 21
10 20 18 20
10 21 22 14
10 21 23 22
10 22 17 15
10 23 12 15
11 11 15 12
11 11 15 17
11 11 17 12
11 11 20 15
11 11 20 19
11 12 14 14
11 14 12 14
11 16 21 22
11 17 11 21
11 18 14 13
11 20 16 20
11 21 14 20
11 21 17 17
11 23 23 23
12 13 13 13
12 13 14 20
12 13 22 18
12 15 13 23
12 15 19 18
12 17 13 15
12 17 14 15
12 17 15 16
12 18 13 19
12 18 16 16
12 19 23 21
12 21 19 21
12 21 20 23
13 13 23 19
13 14 23 19
13 16 18 18
13 17 23 14
13 18 15 19
13 19 14 17
13 19 19 14
13 19 21 20
13 20 18 22
13 20 23 23
13 22 21 22
13 23 18 17
13 23 19 20
14 15 16 23
14 16 23 17
14 21 20 20
15 20 21 17
15 21 17 20
15 21 18 16
15 21 19 18
16 16 21 18
17 17 20 20
17 18 19 20
17 19 20 20
18 18 21 21
18 19 22 19
19 20 21 21
