20 20
0 0 2 1
0 0 2 2
0 0 3 4
0 0 4 4
0 1 8 1
0 1 12 1
0 1 13 2
0 1 14 3
0 1 14 5
0 1 15 5
0 1 16 5
0 1 21 6
0 1 22 6
0 1 25 1
0 1 26 2
0 1 27 1
0 1 28 3
0 2 7 6
0 2 11 3
0 2 12 4
0 2 13 3
0 2 14 3
0 2 21 3
0 2 21 4
0 2 22 5
0 2 23 3
0 2 25 1
0 2 27 6
0 3 7 4
0 3 8 6
0 3 11 4
0 3 13 5
0 3 14 4
0 3 18 2
0 3 22 2
0 3 22 5
0 3 22 6
0 3 23 3
0 3 25 1
0 3 28 2
0 4 7 4
0 4 12 2
0 4 13 6
0 4 15 1
0 4 16 4
0 4 16 6
0 4 19 5
0 4 20 4
0 4 21 4
0 4 24 1
0 4 28 5
0 4 28 6
0 5 7 1
0 5 9 3
0 5 10 6
0 5 12 4
0 5 18 5
0 5 19 3
0 5 21 4
0 5 23 2
0 5 25 1
0 5 26 1
0 5 28 1
0 5 28 3
0 6 7 3
0 6 13 5
0 6 16 2
0 6 18 2
0 6 19 2
0 6 19 6
0 6 21 2
0 6 21 6
0 6 22 5
0 6 25 2
0 6 25 5
0 6 26 3
7 7 17 22
7 7 18 17
7 8 20 28
7 8 22 25
7 8 27 19
7 9 7 14
7 9 9 22
7 9 22 8
7 9 26 15
7 10 7 17
7 10 8 22
7 10 9 19
7 10 11 8
7 10 12 15
7 10 16 23
7 10 21 25
7 10 24 13
7 11 17 22
7 11 17 23
7 12 12 20
7 12 14 22
7 12 16 15
7 12 20 21
7 13 18 15
7 15 10 16
7 15 15 14
7 15 27 25
7 15 28 13
7 16 8 22
7 16 10 27
7 16 13 27
7 16 27 20
7 16 27 26
7 17 10 9
7 17 16 16
7 18 12 16
7 20 15 15
7 20 16 14
7 20 17 26
7 20 20 19
7 20 23 20
7 22 20 12
7 23 23 28
7 25 24 10
7 25 27 22
7 26 8 25
7 26 13 25
7 26 17 15
7 26 21 13
7 26 22 16
7 26 24 11
7 27 8 27
7 27 13 16
7 27 25 13
7 28 17 9
8 8 8 21
8 9 25 26
8 11 17 21
8 11 18 17
8 11 21 22
8 12 14 24
8 12 17 18
8 12 24 21
8 13 11 27
8 13 13 28
8 13 26 10
8 14 24 19
8 14 27 13
8 16 9 18
8 16 11 25
8 16 14 9
8 16 27 21
8 17 11 13
8 17 14 21
8 18 13 15
8 18 13 28
8 18 27 24
8 19 16 11
8 20 15 13
8 20 16 24
8 20 24 26
8 21 11 13
8 21 13 19
8 21 16 13
8 22 15 19
8 22 17 24
8 22 19 14
8 22 19 27
8 22 25 20
8 22 28 21
8 23 16 27
8 23 22 11
8 23 22 14
8 23 25 24
8 24 10 23
8 24 22 14
8 25 11 13
8 25 25 23
8 26 27 9
8 27 17 15
8 27 25 12
8 27 27 15
8 28 15 15
8 28 17 26
8 28 19 23
8 28 19 27
9 9 25 28
9 10 16 17
9 10 22 16
9 11 12 28
9 11 14 24
9 11 20 26
9 12 11 15
9 12 16 15
9 12 22 28
9 13 26 18
9 13 28 15
9 13 28 20
9 14 11 26
9 14 19 18
9 14 26 22
9 15 10 22
9 15 22 14
9 15 26 18
9 16 16 15
9 17 9 19
9 17 15 18
9 17 15 21
9 17 26 24
9 17 28 20
9 18 11 26
9 18 19 24
9 18 19 25
9 19 15 14
9 19 27 21
9 20 17 26
9 22 27 11
9 24 10 20
9 24 14 28
9 24 16 21
9 24 18 13
9 24 19 20
9 24 24 23
9 25 20 28
9 25 24 18
9 25 24 22
9 25 25 22
9 26 11 23
9 26 12 19
9 27 15 13
9 27 21 24
9 28 21 28
9 28 27 18
10 10 17 21
10 10 19 21
10 10 24 21
10 11 16 15
10 11 17 21
10 11 28 15
10 12 10 16
10 12 11 26
10 12 17 17
10 12 17 20
10 14 15 22
10 15 24 21
10 16 18 20
10 16 20 23
10 16 24 19
10 17 21 15
10 17 22 21
10 17 23 11
10 17 23 20
10 18 11 19
10 18 14 14
10 18 28 27
10 19 14 26
10 19 16 13
10 19 17 21
10 19 19 13
10 19 27 22
10 20 16 12
10 21 13 24
10 21 28 21
10 22 12 28
10 23 23 14
10 24 11 25
10 25 20 11
10 26 24 17
10 27 26 11
10 27 28 23
10 28 11 28
10 28 28 17
11 11 23 14
11 11 28 20
11 13 24 18
11 14 13 15
11 14 16 13
11 14 24 18
11 15 12 18
11 15 21 26
11 16 20 22
11 18 22 20
11 18 22 23
11 19 15 18
11 19 21 12
11 20 17 22
11 20 19 13
11 21 12 15
11 21 14 18
11 22 18 13
11 22 22 24
11 23 23 26
11 24 27 14
11 25 14 12
11 25 23 23
11 26 12 27
11 26 15 27
11 26 19 14
12 12 16 23
12 12 23 15
12 12 23 16
12 12 23 27
12 15 14 25
12 15 25 26
12 17 20 22
12 17 20 28
12 17 25 24
12 18 18 16
12 18 19 27
12 19 19 26
12 19 21 27
12 21 17 19
12 21 23 14
12 21 23 22
12 22 20 27
12 23 13 15
12 23 23 18
12 23 25 24
12 23 26 25
12 25 14 23
12 26 20 14
12 26 24 27
12 27 24 20
12 28 17 13
13 13 22 20
13 14 15 16
13 14 20 17
13 14 20 20
13 16 17 21
13 16 17 24
13 16 27 28
13 18 26 18
13 18 27 27
13 19 27 21
13 20 14 18
13 20 26 27
13 22 16 21
13 22 19 26
13 23 18 25
13 23 23 17
13 25 16 16
13 25 17 23
13 25 22 19
13 25 27 23
14 16 22 22
14 17 24 17
14 17 25 20
14 18 24 20
14 18 24 28
14 19 28 21
14 20 20 18
14 21 23 18
14 21 26 23
14 21 26 25
14 22 25 16
14 22 28 19
14 23 19 25
14 24 18 20
14 26 18 22
14 26 26 19
14 27 18 24
14 27 26 27
15 15 24 20
15 15 25 23
15 17 15 20
15 21 21 24
15 21 21 26
15 21 25 17
15 23 15 24
15 25 20 19
15 27 18 22
15 28 28 21
16 16 19 26
16 18 17 25
16 22 19 19
16 22 24 18
16 23 23 19
16 24 19 25
16 27 24 23
16 27 26 17
17 20 28 20
17 24 25 18
17 24 26 20
17 26 28 26
17 27 19 28
17 28 23 19
17 28 27 25
18 18 21 27
18 23 21 20
18 25 24 19
18 26 24 24
18 26 25 20
18 27 28 19
18 28 26 28
19 19 28 28
19 24 23 23
19 27 22 25
20 23 25 24
20 26 21 28
20 26 26 23
21 28 25 27
21 28 28 28
23 24 23 27
24 28 25 25
