14 7
0 0 1 1
0 0 2 2
0 0 2 3
0 0 4 3
0 1 5 3
0 1 6 4
0 1 7 4
0 1 8 4
0 1 11 1
0 1 11 2
0 1 12 4
0 1 13 2
0 1 14 1
0 2 5 1
0 2 5 3
0 2 8 2
0 2 8 4
0 2 11 2
0 2 11 4
0 2 12 2
0 2 14 4
0 3 5 2
0 3 6 1
0 3 7 3
0 3 8 1
0 3 9 2
0 3 9 3
0 3 10 1
0 3 13 2
0 3 14 1
0 4 5 4
0 4 6 3
0 4 7 1
0 4 7 2
0 4 10 3
0 4 12 4
0 4 14 1
0 4 14 3
5 5 9 9
5 5 10 12
5 6 6 9
5 6 10 7
5 6 13 12
5 7 10 9
5 8 6 10
5 8 11 9
5 9 11 11
5 10 9 7
5 11 6 6
5 12 6 11
5 13 6 6
5 13 6 7
5 13 8 9
5 13 8 10
5 13 10 12
5 13 11 14
5 14 9 12
5 14 11 9
5 14 12 8
6 6 6 9
6 6 11 12
6 7 9 8
6 8 6 12
6 8 8 14
6 8 10 11
6 10 8 11
6 10 13 7
6 14 7 10
6 14 8 9
7 7 8 12
7 7 10 13
7 7 14 9
7 8 7 14
7 8 14 13
7 9 10 13
7 9 11 12
7 9 12 8
7 10 11 14
7 10 13 9
7 13 9 14
7 13 14 10
7 14 8 10
8 8 12 10
8 10 13 13
8 11 11 11
8 12 11 12
8 13 9 11
8 13 13 12
9 9 12 13
9 9 14 12
9 13 13 14
9 14 12 11
10 10 10 11
10 10 11 13
10 11 11 11
10 12 12 12
11 13 14 14
12 12 14 14
