20 4
0 0 1 3
0 0 2 1
0 0 4 2
0 0 5 4
0 1 6 1
0 1 7 2
0 1 7 4
0 1 8 5
0 1 10 3
0 1 10 5
0 1 11 1
0 1 11 4
0 2 7 5
0 2 8 3
0 2 10 2
0 2 11 3
0 2 12 1
0 2 12 3
0 2 13 4
0 2 13 5
0 3 7 3
0 3 8 2
0 3 8 4
0 3 9 1
0 3 11 4
0 3 11 5
0 3 12 4
0 3 12 5
0 3 13 2
0 4 6 2
0 4 7 2
0 4 8 1
0 4 9 1
0 4 9 2
0 4 9 4
0 4 10 1
0 4 12 1
0 5 7 5
0 5 8 3
0 5 9 4
0 5 11 3
0 5 11 5
0 5 12 2
0 5 12 3
6 6 7 7
6 6 7 13
6 6 8 9
6 7 8 13
6 7 13 9
6 8 9 10
6 8 13 11
6 9 6 12
6 9 8 13
6 9 10 8
6 9 12 12
6 10 12 10
6 11 7 7
6 11 10 7
6 12 9 7
6 12 10 11
6 12 11 7
6 13 9 12
7 7 13 9
7 9 8 9
7 9 10 8
7 9 11 11
7 9 12 11
7 10 9 12
7 13 11 8
8 8 11 11
8 8 13 10
8 8 13 12
8 10 10 9
8 11 11 13
8 12 10 10
9 11 10 13
9 11 13 13
10 10 12 13
10 13 12 12
10 13 13 13
