16 13
0 0 1 4
0 0 2 3
0 0 2 4
0 0 4 5
0 1 6 2
0 1 10 4
0 1 11 3
0 1 11 4
0 1 13 4
0 1 14 1
0 1 15 1
0 1 16 2
0 1 17 2
0 1 17 3
0 2 7 2
0 2 8 1
0 2 8 2
0 2 9 5
0 2 10 1
0 2 11 1
0 2 15 5
0 2 16 3
0 2 20 4
0 3 7 1
0 3 8 5
0 3 9 1
0 3 11 1
0 3 13 5
0 3 14 3
0 3 16 1
0 3 16 4
0 3 19 1
0 3 19 3
0 3 20 2
0 4 6 2
0 4 6 3
0 4 7 5
0 4 8 3
0 4 10 2
0 4 11 4
0 4 12 4
0 4 18 2
0 4 19 2
0 4 19 4
0 5 6 3
0 5 6 5
0 5 7 4
0 5 12 1
0 5 13 2
0 5 14 5
0 5 17 3
0 5 18 5
0 5 19 5
0 5 20 3
6 6 7 8
6 6 12 16
6 6 20 7
6 7 11 13
6 7 13 18
6 7 19 10
6 8 16 19
6 8 19 14
6 9 15 7
6 9 15 12
6 9 17 8
6 10 9 13
6 10 10 7
6 10 18 9
6 11 11 15
6 11 17 10
6 11 18 10
6 11 18 11
6 11 19 11
6 11 19 20
6 13 19 7
6 14 10 17
6 14 12 9
6 14 13 11
6 14 15 20
6 15 9 20
6 15 10 19
6 16 17 8
6 17 10 8
6 17 13 10
6 17 20 20
6 18 12 11
6 18 16 9
6 19 11 12
6 19 11 17
6 19 19 19
6 20 12 11
6 20 16 20
7 7 7 14
7 7 7 18
7 7 8 13
7 7 9 13
7 8 15 8
7 9 12 16
7 9 17 11
7 10 14 16
7 10 14 19
7 10 19 20
7 10 20 15
7 10 20 18
7 10 20 19
7 12 10 18
7 12 11 16
7 12 17 9
7 13 8 11
7 13 12 12
7 13 18 19
7 14 10 14
7 14 20 20
7 15 13 14
7 15 17 13
7 17 18 19
7 18 11 9
7 19 9 14
7 20 18 17
7 20 19 17
8 8 15 12
8 8 20 18
8 9 9 19
8 9 15 11
8 9 16 18
8 9 20 17
8 10 14 11
8 10 18 17
8 11 15 20
8 12 16 13
8 12 17 15
8 13 10 14
8 13 14 9
8 13 14 18
8 14 8 18
8 14 13 14
8 15 13 15
8 15 15 10
8 15 19 11
8 16 12 14
8 16 15 13
8 16 15 16
8 16 18 19
8 17 13 12
8 18 13 10
8 18 14 15
8 19 10 9
8 19 11 9
8 20 13 17
9 9 9 16
9 10 13 17
9 11 17 13
9 11 18 13
9 11 20 19
9 12 9 14
9 14 12 11
9 14 13 16
9 15 16 18
9 16 19 13
9 17 12 13
9 17 20 16
9 18 9 20
9 18 11 19
9 18 17 12
9 20 16 19
10 10 14 12
10 11 12 17
10 11 19 15
10 11 20 11
10 13 12 14
10 13 13 16
10 14 17 19
10 14 18 16
10 16 12 16
10 19 15 13
10 19 17 16
10 20 15 16
10 20 16 12
10 20 20 15
11 13 15 12
11 18 13 15
11 18 15 14
11 18 18 19
11 18 20 13
11 20 17 14
12 12 12 16
12 12 16 18
12 12 16 19
12 14 12 20
12 14 18 13
12 15 16 17
12 16 13 18
12 17 13 19
12 17 15 14
12 17 15 20
13 17 20 16
13 18 15 17
14 14 19 20
14 15 16 18
14 16 15 20
14 17 15 15
14 17 18 18
14 18 18 17
15 15 17 20
15 17 19 20
15 17 20 16
16 16 19 20
16 18 17 19
