10 6
0 0 1 1
0 0 1 3
0 0 3 1
0 0 3 2
0 1 4 3
0 1 6 1
0 1 6 2
0 1 7 2
0 1 8 3
0 1 9 1
0 1 10 1
0 1 10 2
0 2 4 1
0 2 4 3
0 2 5 2
0 2 5 3
0 2 6 3
0 2 8 3
0 2 10 1
0 2 10 2
0 2 10 3
0 3 4 1
0 3 5 2
0 3 6 2
0 3 7 3
0 3 8 1
0 3 9 1
0 3 10 2
4 4 4 6
4 4 7 7
4 5 5 7
4 5 10 7
4 6 5 6
4 6 7 9
4 7 7 10
4 7 10 10
4 8 4 10
4 8 7 5
4 8 10 6
4 8 10 7
4 10 5 9
4 10 9 8
5 5 6 8
5 5 9 6
5 5 10 7
5 7 5 9
5 7 7 8
5 7 9 7
5 7 9 8
5 9 9 8
5 9 10 10
6 6 6 9
6 6 9 8
6 7 9 7
6 8 6 10
6 8 9 8
6 9 8 8
6 9 9 8
7 8 9 8
8 10 9 9
