18 9
0 0 1 3
0 0 4 2
0 0 4 5
0 0 5 1
0 1 6 1
0 1 6 5
0 1 7 3
0 1 8 3
0 1 9 4
0 1 11 5
0 1 14 2
0 1 14 4
0 1 15 2
0 2 6 3
0 2 7 2
0 2 7 5
0 2 8 5
0 2 11 2
0 2 12 4
0 2 13 4
0 2 14 1
0 2 15 5
0 2 17 1
0 3 6 1
0 3 6 4
0 3 7 1
0 3 8 3
0 3 9 1
0 3 9 2
0 3 10 2
0 3 13 2
0 3 14 2
0 3 18 1
0 4 6 5
0 4 8 3
0 4 8 4
0 4 10 5
0 4 11 4
0 4 14 4
0 4 16 3
0 4 17 5
0 5 7 3
0 5 9 1
0 5 9 2
0 5 10 3
0 5 14 3
0 5 14 4
0 5 16 4
0 5 18 1
0 5 18 5
6 6 13 12
6 7 15 11
6 8 11 7
6 8 13 17
6 8 18 12
6 9 8 12
6 9 12 7
6 9 12 9
6 9 14 7
6 9 18 16
6 10 13 17
6 10 16 14
6 11 11 15
6 11 13 10
6 12 8 11
6 13 10 15
6 13 11 15
6 13 13 18
6 13 14 10
6 14 7 16
6 14 11 8
6 15 8 12
6 15 9 11
6 15 16 14
6 16 9 11
6 16 13 13
6 17 8 18
6 17 9 10
6 17 9 12
6 17 12 12
6 17 16 8
7 7 17 13
7 8 13 14
7 8 15 13
7 9 10 12
7 9 11 17
7 9 11 18
7 9 16 11
7 10 9 11
7 11 10 18
7 11 17 14
7 12 7 14
7 12 11 13
7 12 16 11
7 13 10 13
7 13 18 11
7 14 8 11
7 14 18 15
7 15 10 18
7 15 15 14
7 16 10 11
7 16 12 17
7 16 14 18
7 16 16 10
7 17 15 16
7 18 11 10
7 18 18 14
8 8 10 17
8 8 14 17
8 9 11 10
8 9 12 17
8 9 17 17
8 10 10 16
8 10 18 11
8 11 10 18
8 12 9 18
8 13 17 16
8 14 12 18
8 14 13 9
8 15 10 11
8 15 14 15
8 15 14 17
8 16 12 14
8 16 17 15
8 18 12 16
8 18 14 16
9 10 9 18
9 10 15 12
9 11 18 18
9 13 15 16
9 13 17 12
9 13 18 17
9 14 16 10
9 15 10 14
9 15 14 16
9 16 12 14
9 18 12 10
9 18 17 18
10 11 11 16
10 12 11 15
10 12 17 18
10 14 16 14
10 15 15 12
10 15 15 18
10 17 11 13
10 18 14 16
10 18 17 13
11 12 14 17
11 12 17 16
11 13 15 15
11 14 15 16
12 12 13 18
12 13 13 15
12 13 16 13
12 16 13 13
12 16 17 15
12 17 15 16
12 17 16 15
13 13 17 18
13 17 17 17
14 15 18 16
15 18 18 17
