20 13
0 0 1 2
0 0 2 3
0 0 2 4
0 0 4 2
0 1 6 4
0 1 8 1
0 1 10 1
0 1 12 2
0 1 14 4
0 1 14 5
0 1 15 3
0 1 16 4
0 1 17 1
0 1 17 5
0 1 19 1
0 1 19 4
0 2 9 3
0 2 10 1
0 2 10 5
0 2 11 1
0 2 17 1
0 2 17 3
0 2 18 2
0 2 18 5
0 2 19 3
0 2 19 4
0 2 21 1
0 3 7 3
0 3 7 4
0 3 7 5
0 3 8 1
0 3 8 3
0 3 13 1
0 3 13 2
0 3 15 2
0 3 15 4
0 3 18 2
0 3 19 3
0 3 20 3
0 4 6 5
0 4 7 2
0 4 7 5
0 4 8 3
0 4 9 2
0 4 10 2
0 4 11 4
0 4 12 3
0 4 13 5
0 4 21 4
0 4 22 4
0 5 6 3
0 5 8 1
0 5 12 4
0 5 12 5
0 5 13 2
0 5 14 5
0 5 17 2
0 5 17 5
0 5 19 2
0 5 20 1
0 5 21 5
0 5 22 1
6 6 8 21
6 6 17 22
6 6 20 15
6 7 10 15
6 7 18 12
6 8 17 11
6 9 8 11
6 9 16 13
6 10 7 16
6 10 9 17
6 10 16 7
6 11 11 15
6 12 7 7
6 12 18 20
6 13 9 15
6 13 15 8
6 13 21 21
6 14 9 11
6 15 7 14
6 15 8 15
6 15 8 20
6 16 7 12
6 16 12 15
6 16 14 19
6 17 18 14
6 18 16 9
6 18 16 10
6 19 11 22
6 19 17 8
6 19 18 15
6 19 21 9
6 19 21 20
6 19 22 13
6 20 9 15
6 20 18 20
6 20 21 8
6 21 9 12
6 21 13 13
6 22 11 10
6 22 14 17
6 22 16 9
6 22 17 15
6 22 22 16
6 22 22 17
7 7 11 8
7 7 16 18
7 8 8 10
7 9 7 19
7 9 8 9
7 9 8 13
7 9 19 9
7 11 8 17
7 11 16 16
7 12 12 8
7 12 16 16
7 13 11 11
7 14 10 12
7 14 15 15
7 15 12 17
7 15 14 14
7 15 17 17
7 15 20 11
7 17 8 14
7 17 15 10
7 17 20 9
7 17 21 10
7 19 9 20
7 20 16 19
7 20 20 18
7 21 13 17
7 21 14 18
7 21 16 11
7 21 17 21
7 21 18 12
7 21 19 21
7 21 20 13
7 22 15 10
7 22 22 16
8 8 12 11
8 8 16 13
8 9 11 19
8 10 11 14
8 10 22 22
8 11 11 12
8 12 16 18
8 13 10 20
8 13 11 11
8 13 14 12
8 13 15 14
8 13 22 10
8 13 22 15
8 14 17 18
8 14 18 17
8 15 15 18
8 15 19 11
8 16 13 20
8 16 20 9
8 18 15 17
8 18 18 16
8 19 17 22
8 21 9 18
8 22 11 20
8 22 12 10
8 22 16 10
8 22 22 20
9 9 10 18
9 9 13 21
9 10 10 15
9 12 20 14
9 13 11 20
9 13 14 10
9 14 15 12
9 14 21 14
9 15 16 11
9 16 10 10
9 16 12 22
9 17 12 12
9 17 19 18
9 18 13 17
9 18 17 18
9 19 12 21
9 19 15 12
9 19 16 16
9 19 18 17
9 19 18 18
9 19 20 16
9 20 12 18
9 21 11 22
9 21 13 14
9 22 15 11
10 11 10 17
10 11 16 21
10 11 20 18
10 12 10 13
10 12 18 18
10 13 14 15
10 13 16 13
10 14 11 15
10 14 15 14
10 14 16 12
10 15 18 15
10 15 21 21
10 16 13 14
10 17 10 20
10 18 18 12
10 18 20 19
10 20 12 16
10 21 20 11
10 22 11 16
10 22 22 19
11 11 12 14
11 13 21 22
11 14 12 12
11 15 13 22
11 15 20 16
11 17 18 19
11 19 16 22
11 19 18 17
11 19 22 22
11 20 13 12
11 20 21 14
11 21 21 19
11 22 19 20
11 22 21 21
12 12 19 16
12 13 16 21
12 13 20 14
12 14 20 13
12 17 13 20
12 18 20 13
12 19 22 14
12 20 19 14
12 20 20 15
12 21 16 14
12 22 13 17
13 13 15 20
13 14 13 21
13 14 20 20
13 17 15 20
13 18 19 16
13 19 17 15
14 15 15 17
14 16 21 21
14 16 21 22
14 17 18 19
14 17 19 20
14 17 21 19
14 21 16 18
14 21 19 18
14 22 16 20
15 17 22 22
16 20 20 18
16 21 18 19
16 22 21 21
17 19 21 22
17 22 18 18
17 22 19 18
17 22 19 19
