19 4
0 0 1 5
0 0 2 1
0 0 3 4
0 0 4 2
0 1 7 2
0 1 7 3
0 1 7 4
0 1 8 2
0 1 10 3
0 1 11 2
0 1 11 3
0 1 12 5
0 2 6 1
0 2 8 1
0 2 8 5
0 2 9 5
0 2 10 4
0 2 10 5
0 2 11 2
0 2 11 3
0 3 6 1
0 3 6 4
0 3 7 3
0 3 7 4
0 3 10 2
0 3 11 1
0 3 11 3
0 4 6 2
0 4 7 5
0 4 8 4
0 4 9 2
0 4 10 1
0 4 12 1
0 4 12 4
0 5 6 3
0 5 6 4
0 5 8 5
0 5 9 1
0 5 9 2
0 5 10 3
0 5 11 1
0 5 12 5
6 6 9 10
6 6 9 12
6 7 6 11
6 7 9 7
6 7 10 9
6 7 10 12
6 7 12 7
6 8 9 8
6 8 10 10
6 9 9 9
6 9 12 7
6 10 12 9
6 10 12 12
6 11 8 8
6 11 8 11
6 11 9 11
6 11 10 9
7 7 8 12
7 7 10 10
7 8 7 10
7 8 8 10
7 8 12 12
7 10 12 11
7 11 8 12
7 11 12 11
7 12 12 9
8 8 9 11
8 8 10 9
8 9 8 10
8 10 11 11
8 12 9 10
8 12 11 12
9 9 11 10
9 11 12 12
