14 9
0 0 1 3
0 0 1 4
0 0 2 3
0 0 3 1
0 1 6 1
0 1 6 3
0 1 7 1
0 1 9 3
0 1 10 4
0 1 12 4
0 1 13 3
0 1 14 4
0 1 15 3
0 2 5 4
0 2 7 1
0 2 7 2
0 2 7 3
0 2 8 1
0 2 9 1
0 2 11 1
0 2 11 2
0 2 11 3
0 2 14 2
0 3 6 1
0 3 8 4
0 3 9 1
0 3 9 3
0 3 9 4
0 3 10 2
0 3 13 2
0 3 13 4
0 3 15 1
0 4 5 4
0 4 7 2
0 4 7 4
0 4 8 1
0 4 8 2
0 4 9 2
0 4 10 2
0 4 10 3
0 4 13 2
0 4 15 2
5 5 6 6
5 5 13 12
5 5 14 6
5 5 14 12
5 5 15 14
5 7 5 12
5 7 6 15
5 7 9 9
5 7 14 12
5 8 11 8
5 8 11 9
5 8 13 7
5 9 6 15
5 10 8 7
5 10 8 14
5 10 12 7
5 10 13 12
5 11 9 12
5 11 11 10
5 12 10 12
5 13 10 6
5 13 11 7
5 14 6 6
5 14 10 11
5 15 9 13
5 15 14 6
6 6 12 10
6 7 9 9
6 7 10 12
6 7 11 15
6 7 13 11
6 8 6 13
6 8 12 7
6 8 12 8
6 9 11 10
6 10 8 9
6 10 10 15
6 11 10 9
6 11 11 10
6 12 8 12
6 13 11 12
6 13 13 11
6 14 12 15
6 14 14 10
6 14 15 7
6 15 11 12
7 7 12 9
7 8 9 13
7 8 12 15
7 8 15 14
7 9 9 14
7 9 14 9
7 10 8 8
7 10 11 9
7 13 13 15
7 14 11 13
7 14 12 11
7 14 14 15
7 15 9 15
8 10 8 11
8 11 13 10
8 11 13 14
8 12 12 11
8 12 14 13
8 13 10 12
8 14 9 12
8 14 10 9
8 14 13 15
8 14 15 11
8 15 13 9
8 15 13 12
9 9 9 10
9 12 11 10
9 15 11 15
9 15 13 13
10 12 12 13
10 13 13 15
10 13 14 15
10 14 14 12
10 15 15 13
11 11 14 12
11 14 11 15
11 15 15 13
12 14 14 15
