18 18
0 0 1 1
0 0 2 5
0 0 3 5
0 0 5 4
0 1 6 3
0 1 7 5
0 1 8 5
0 1 15 2
0 1 15 3
0 1 16 2
0 1 17 2
0 1 17 3
0 1 19 2
0 1 20 4
0 1 22 1
0 1 23 4
0 1 25 4
0 2 6 4
0 2 7 2
0 2 9 2
0 2 11 2
0 2 11 3
0 2 11 5
0 2 14 2
0 2 14 5
0 2 15 3
0 2 16 5
0 2 19 1
0 2 22 1
0 2 23 4
0 3 6 1
0 3 6 3
0 3 8 5
0 3 9 1
0 3 10 2
0 3 11 2
0 3 15 1
0 3 15 2
0 3 16 3
0 3 20 1
0 3 20 4
0 3 22 2
0 3 22 4
0 4 9 1
0 4 9 4
0 4 10 1
0 4 11 1
0 4 11 3
0 4 13 4
0 4 14 2
0 4 17 4
0 4 19 1
0 4 19 3
0 4 19 5
0 4 20 3
0 4 23 3
0 5 6 2
0 5 8 1
0 5 9 3
0 5 11 4
0 5 17 4
0 5 19 5
0 5 21 3
0 5 22 3
0 5 22 5
0 5 23 1
0 5 24 5
0 5 25 5
6 6 8 7
6 6 19 16
6 6 20 9
6 7 11 12
6 8 19 19
6 9 7 20
6 9 10 20
6 9 13 22
6 9 16 9
6 9 20 21
6 9 20 23
6 10 8 17
6 11 8 20
6 11 15 16
6 12 12 8
6 12 17 22
6 12 18 23
6 12 19 25
6 12 23 8
6 13 17 24
6 13 18 20
6 13 20 13
6 14 7 15
6 14 7 25
6 14 21 17
6 15 11 14
6 16 8 12
6 16 13 25
6 16 16 8
6 16 18 9
6 16 25 17
6 17 8 25
6 17 22 13
6 17 23 10
6 18 11 20
6 18 19 19
6 18 21 15
6 19 8 14
6 19 12 22
6 20 7 25
6 20 9 9
6 21 9 8
6 21 20 11
6 22 10 15
6 22 12 10
6 22 13 11
6 22 17 22
6 24 7 8
7 7 8 10
7 7 11 23
7 7 17 16
7 8 11 21
7 8 14 18
7 9 14 11
7 9 20 24
7 9 24 10
7 10 7 23
7 11 16 9
7 11 17 25
7 11 19 16
7 12 19 11
7 12 20 9
7 12 20 10
7 12 21 11
7 12 21 15
7 14 11 15
7 14 11 20
7 14 14 23
7 15 13 11
7 15 14 10
7 15 18 22
7 16 17 18
7 17 11 15
7 17 21 20
7 18 17 18
7 19 11 24
7 19 20 20
7 20 18 8
7 20 21 14
7 21 15 17
7 21 25 17
7 22 12 15
7 22 14 18
7 22 17 21
7 23 12 14
7 23 14 16
7 24 20 12
7 24 22 11
7 24 25 25
7 25 24 9
7 25 25 8
8 9 8 19
8 10 21 14
8 11 9 13
8 11 23 17
8 12 13 24
8 12 20 23
8 13 24 15
8 14 9 25
8 14 25 21
8 15 13 10
8 15 13 12
8 15 15 10
8 15 15 13
8 16 17 12
8 16 21 12
8 17 17 13
8 18 11 15
8 18 12 14
8 18 22 19
8 19 12 10
8 19 22 10
8 20 20 18
8 21 10 20
8 23 13 21
8 23 19 24
8 24 14 24
8 24 16 9
8 24 19 9
8 24 21 18
8 24 23 10
8 25 11 24
8 25 14 23
8 25 15 10
8 25 17 9
8 25 25 16
9 9 20 25
9 10 10 18
9 10 14 12
9 10 14 19
9 12 13 14
9 12 23 17
9 13 12 25
9 14 24 14
9 15 16 16
9 16 24 20
9 17 20 10
9 18 11 11
9 18 11 23
9 18 12 16
9 19 13 24
9 19 15 19
9 19 24 25
9 20 23 24
9 21 17 23
9 22 20 12
9 22 24 22
9 23 16 24
9 24 10 14
9 24 18 15
9 24 22 13
9 25 21 22
10 10 18 19
10 10 21 13
10 11 15 15
10 12 15 17
10 12 17 23
10 13 16 20
10 13 25 24
10 14 19 19
10 17 14 16
10 17 20 15
10 17 25 25
10 18 12 14
10 18 15 13
10 18 23 18
10 20 15 14
10 21 14 20
10 21 16 19
10 21 21 17
10 22 13 23
10 22 15 13
10 22 16 13
10 22 16 18
10 22 21 24
10 23 12 22
10 23 16 20
10 24 13 11
11 11 18 18
11 15 19 15
11 16 16 25
11 16 21 17
11 16 22 19
11 17 15 25
11 18 11 19
11 18 21 13
11 21 13 25
11 21 21 12
11 22 23 13
11 23 13 24
11 23 25 20
11 24 12 18
11 24 20 15
12 14 24 24
12 15 24 22
12 16 12 25
12 17 18 13
12 18 15 18
12 19 16 13
12 20 16 15
12 22 17 14
12 23 21 21
12 23 23 13
12 24 21 17
12 24 22 13
12 24 25 17
12 24 25 25
12 25 16 23
12 25 25 15
13 13 19 23
13 14 13 23
13 15 25 25
13 17 19 21
13 17 23 19
13 19 17 14
13 19 18 19
13 20 16 23
13 21 16 23
13 22 13 24
13 22 19 15
13 22 22 20
13 22 24 15
14 14 16 17
14 14 17 25
14 16 16 21
14 18 17 22
14 19 18 20
14 20 19 19
14 21 15 21
14 21 22 18
14 22 16 21
14 23 14 25
14 23 18 18
15 15 21 22
15 18 23 25
15 23 16 24
15 25 19 16
16 17 16 22
16 21 21 18
16 23 21 23
16 23 22 17
16 24 24 17
17 17 18 25
17 22 23 25
18 18 20 22
18 19 19 21
18 19 24 19
18 20 21 22
18 21 20 20
18 24 23 24
18 25 23 23
19 20 21 25
19 25 24 24
20 22 20 25
21 22 21 24
21 23 23 25
