19 5
0 0 1 5
0 0 3 2
0 0 3 4
0 0 4 5
0 1 6 2
0 1 7 1
0 1 8 4
0 1 9 3
0 1 10 1
0 1 10 5
0 1 11 1
0 1 13 4
0 2 7 1
0 2 7 2
0 2 9 2
0 2 9 5
0 2 11 3
0 2 11 5
0 2 12 1
0 2 12 5
0 2 13 3
0 3 7 1
0 3 8 2
0 3 11 4
0 3 13 4
0 3 14 2
0 3 14 3
0 3 14 5
0 4 6 3
0 4 8 2
0 4 8 4
0 4 9 5
0 4 11 2
0 4 11 3
0 4 12 1
0 4 13 2
0 5 9 3
0 5 9 4
0 5 10 4
0 5 11 3
0 5 12 4
0 5 13 1
0 5 14 1
0 5 14 3
6 6 11 14
6 7 6 11
6 7 10 14
6 7 11 8
6 7 13 12
6 7 13 14
6 8 6 9
6 8 7 9
6 8 10 7
6 8 12 13
6 8 14 10
6 8 14 12
6 9 8 8
6 9 13 13
6 9 14 14
6 10 7 12
6 10 14 10
6 11 12 9
6 12 10 10
6 12 13 8
6 12 13 12
6 13 13 12
6 14 8 11
7 7 11 11
7 7 12 13
7 8 7 14
7 8 11 10
7 9 7 14
7 9 11 11
7 9 14 13
7 12 13 10
7 12 14 10
7 13 9 8
7 13 9 10
7 14 9 12
8 8 8 14
8 9 10 11
8 9 10 12
8 11 8 13
8 12 10 9
8 13 9 11
8 13 12 12
9 9 12 13
9 10 10 11
9 11 10 14
9 12 9 14
10 10 10 11
10 10 13 14
10 11 11 14
10 13 11 14
12 13 12 14
