16 7
0 0 2 4
0 0 3 1
0 0 4 2
0 0 4 4
0 1 5 3
0 1 6 1
0 1 7 2
0 1 9 2
0 1 9 3
0 1 11 2
0 1 12 2
0 1 13 1
0 1 13 2
0 1 14 1
0 1 14 4
0 2 5 1
0 2 5 3
0 2 7 1
0 2 8 1
0 2 8 3
0 2 8 4
0 2 9 3
0 2 9 4
0 2 10 3
0 2 13 2
0 3 6 2
0 3 6 4
0 3 9 1
0 3 9 3
0 3 11 3
0 3 12 2
0 3 12 3
0 3 12 4
0 3 13 1
0 4 5 1
0 4 6 2
0 4 7 4
0 4 8 2
0 4 8 4
0 4 9 1
0 4 10 4
0 4 13 3
5 5 14 6
5 6 7 9
5 6 13 6
5 6 13 14
5 6 14 7
5 7 10 7
5 7 12 6
5 8 6 11
5 8 9 10
5 8 10 8
5 8 10 14
5 8 13 9
5 9 13 12
5 9 14 12
5 11 6 6
5 11 7 14
5 11 8 10
5 11 9 7
5 12 7 11
5 12 8 10
5 12 10 6
5 12 14 6
5 13 7 7
5 13 7 10
5 13 9 8
5 14 9 12
5 14 12 14
6 6 10 7
6 6 12 10
6 7 12 13
6 9 9 11
6 10 9 9
6 10 9 12
6 10 10 9
6 10 11 13
6 10 13 7
6 11 11 9
6 14 10 13
6 14 12 11
6 14 12 14
6 14 13 11
7 7 8 11
7 7 13 14
7 8 10 11
7 9 9 12
7 9 13 8
7 10 9 14
7 10 12 10
7 10 13 10
7 11 9 14
7 11 13 13
7 12 8 8
7 12 11 11
7 12 12 13
8 8 8 10
8 8 12 14
8 10 14 10
8 10 14 13
8 11 9 13
8 11 14 13
8 12 9 9
8 12 10 14
8 13 13 11
8 14 13 11
9 11 12 10
9 14 12 11
10 12 11 11
11 11 13 12
11 14 12 13
11 14 13 14
