16 11
0 0 2 5
0 0 3 4
0 0 5 1
0 0 5 2
0 1 7 1
0 1 9 2
0 1 10 3
0 1 14 3
0 1 16 1
0 1 17 5
0 1 18 4
0 1 18 5
0 1 19 3
0 1 19 4
0 2 6 1
0 2 7 2
0 2 7 3
0 2 10 4
0 2 11 5
0 2 12 1
0 2 14 2
0 2 16 5
0 2 18 3
0 3 6 2
0 3 8 3
0 3 9 1
0 3 9 4
0 3 9 5
0 3 14 5
0 3 15 3
0 3 16 1
0 3 19 2
0 4 7 1
0 4 11 4
0 4 11 5
0 4 12 5
0 4 13 4
0 4 14 2
0 4 16 2
0 4 18 1
0 4 18 3
0 4 19 5
0 5 8 4
0 5 10 4
0 5 11 1
0 5 11 2
0 5 12 3
0 5 14 4
0 5 19 2
0 5 19 3
6 6 6 14
6 6 6 18
6 6 10 15
6 6 13 19
6 7 10 7
6 7 17 12
6 8 11 11
6 8 14 18
6 9 16 14
6 10 11 15
6 10 12 10
6 10 16 12
6 10 17 17
6 11 18 14
6 12 10 15
6 12 17 7
6 13 7 10
6 13 13 11
6 14 18 15
6 15 12 14
6 15 14 17
6 15 15 17
6 15 19 7
6 15 19 9
6 16 11 8
6 16 12 16
6 16 13 10
6 16 14 10
6 18 15 12
6 18 17 14
6 18 19 10
6 19 8 8
7 7 12 11
7 7 16 9
7 7 18 13
7 8 7 11
7 8 10 9
7 8 12 9
7 8 14 9
7 8 17 19
7 10 7 17
7 10 13 10
7 10 14 18
7 10 15 10
7 11 8 13
7 11 16 17
7 12 11 13
7 12 15 15
7 13 12 8
7 13 13 10
7 14 19 14
7 15 9 17
7 17 12 9
7 17 13 10
7 18 9 13
7 19 11 19
7 19 14 8
8 8 12 9
8 8 17 13
8 8 17 19
8 8 18 15
8 9 18 9
8 9 18 14
8 10 11 12
8 10 13 9
8 10 14 17
8 11 12 10
8 11 16 19
8 12 18 16
8 16 9 15
8 16 12 13
8 16 15 17
8 17 12 13
8 17 15 9
8 17 18 13
8 18 15 11
8 18 18 13
8 18 18 17
9 9 12 16
9 9 12 19
9 10 10 16
9 10 15 11
9 10 17 11
9 10 18 19
9 11 12 15
9 11 15 19
9 12 17 19
9 14 11 11
9 14 11 13
9 14 13 19
9 14 15 13
9 15 12 14
9 16 13 13
9 16 19 12
9 17 18 16
9 18 19 13
10 11 10 18
10 13 11 16
10 14 16 19
10 15 15 13
10 15 19 13
10 19 14 15
11 12 12 17
11 13 13 18
11 14 17 12
11 15 15 12
11 16 12 12
11 16 12 18
11 16 13 14
11 16 16 13
11 18 19 16
11 18 19 17
12 13 17 19
12 14 18 14
12 16 14 14
12 19 13 13
13 17 15 14
13 17 16 14
13 19 16 17
14 15 14 17
14 16 15 15
14 17 17 16
15 15 18 19
16 17 18 19
16 19 18 19
17 17 18 19
