16 5
0 0 1 3
0 0 2 3
0 0 4 1
0 0 4 2
0 1 5 4
0 1 7 4
0 1 8 4
0 1 9 2
0 1 10 1
0 1 10 2
0 1 10 4
0 1 11 1
0 1 12 3
0 2 5 1
0 2 5 2
0 2 6 2
0 2 7 3
0 2 8 1
0 2 8 2
0 2 11 1
0 2 11 2
0 2 12 4
0 3 5 3
0 3 6 1
0 3 7 1
0 3 7 2
0 3 7 4
0 3 8 3
0 3 10 1
0 3 10 4
0 3 12 3
0 4 7 2
0 4 8 3
0 4 9 1
0 4 9 2
0 4 10 3
0 4 11 4
0 4 12 4
5 5 9 6
5 6 7 12
5 6 9 9
5 6 11 7
5 7 6 6
5 7 6 10
5 7 8 9
5 7 9 7
5 7 9 9
5 8 12 9
5 8 12 11
5 9 11 8
5 9 11 9
5 10 7 10
5 10 8 7
5 10 9 8
5 11 6 11
5 11 8 11
5 11 11 6
5 12 6 9
5 12 8 12
6 7 9 11
6 8 6 9
6 8 9 10
6 8 10 9
6 8 12 10
6 10 6 12
6 10 8 12
6 10 11 10
6 11 8 10
6 11 12 8
6 12 7 9
6 12 9 9
7 7 11 10
7 7 12 12
7 8 12 12
7 10 7 11
7 11 10 8
8 10 12 9
8 11 9 9
8 11 10 11
8 12 12 12
