17 14
0 0 2 3
0 0 4 5
0 0 5 4
0 0 5 5
0 1 7 1
0 1 7 3
0 1 7 5
0 1 9 5
0 1 11 2
0 1 12 5
0 1 15 3
0 1 16 1
0 1 17 1
0 1 17 2
0 1 21 2
0 1 21 3
0 2 6 4
0 2 7 1
0 2 8 5
0 2 9 1
0 2 9 2
0 2 10 5
0 2 12 4
0 2 13 1
0 2 14 1
0 2 15 1
0 2 17 5
0 3 6 2
0 3 8 4
0 3 8 5
0 3 9 3
0 3 10 3
0 3 10 4
0 3 11 2
0 3 13 1
0 3 15 2
0 3 15 3
0 3 19 2
0 3 21 4
0 4 6 4
0 4 8 1
0 4 10 2
0 4 12 3
0 4 12 4
0 4 14 1
0 4 16 4
0 4 21 2
0 4 21 3
0 4 21 5
0 5 6 3
0 5 7 4
0 5 8 1
0 5 11 3
0 5 12 2
0 5 18 3
0 5 19 4
0 5 19 5
0 5 21 2
6 6 9 8
6 6 10 13
6 6 11 17
6 6 20 13
6 7 15 9
6 7 19 21
6 8 20 14
6 10 16 20
6 11 11 7
6 11 20 13
6 11 20 16
6 11 20 19
6 12 7 12
6 12 13 12
6 13 7 17
6 13 8 16
6 13 10 10
6 13 11 19
6 13 13 11
6 14 15 17
6 15 8 12
6 15 10 13
6 15 11 9
6 15 12 15
6 15 19 8
6 15 21 19
6 16 6 18
6 16 8 19
6 17 11 19
6 17 21 11
6 18 15 17
6 18 16 10
6 18 18 12
6 19 8 10
6 19 19 20
6 20 10 8
6 20 10 16
6 20 15 14
6 20 18 7
6 21 14 8
6 21 20 15
7 7 7 18
7 7 9 8
7 7 15 10
7 10 17 20
7 10 18 10
7 10 19 17
7 11 10 11
7 11 14 8
7 11 17 21
7 11 18 14
7 11 21 21
7 12 11 12
7 13 21 19
7 14 14 8
7 14 16 8
7 14 21 12
7 14 21 13
7 15 7 17
7 15 10 8
7 15 14 20
7 15 21 19
7 16 8 19
7 17 12 10
7 18 14 21
7 18 17 8
7 18 20 14
7 19 20 20
7 20 9 19
7 20 19 9
7 21 14 16
7 21 17 12
7 21 17 17
7 21 19 9
7 21 21 20
8 8 13 14
8 8 18 20
8 8 21 12
8 9 13 15
8 9 18 12
8 9 20 16
8 10 19 18
8 11 16 14
8 12 11 16
8 14 9 21
8 14 12 20
8 14 18 15
8 15 12 13
8 15 13 21
8 16 8 21
8 16 9 13
8 16 9 14
8 16 20 21
8 17 15 18
8 18 11 11
8 18 21 12
8 19 10 11
8 20 14 13
8 20 15 20
8 21 11 16
9 9 10 16
9 10 9 17
9 10 21 18
9 11 13 16
9 12 13 12
9 12 20 19
9 13 9 19
9 14 9 16
9 14 15 10
9 14 15 13
9 14 17 17
9 15 11 16
9 15 16 13
9 16 12 19
9 16 16 10
9 17 10 19
9 17 13 16
9 17 15 20
9 18 13 16
9 18 17 14
9 18 19 11
9 19 17 12
9 19 17 19
9 20 18 15
9 20 18 18
9 21 10 18
9 21 12 10
10 12 13 14
10 12 14 12
10 13 15 12
10 14 15 16
10 14 21 11
10 15 19 20
10 16 10 19
10 17 12 13
10 19 14 11
10 19 17 17
10 19 18 12
10 19 20 21
10 20 13 18
10 20 14 15
10 21 14 19
10 21 15 19
11 11 21 18
11 13 12 12
11 13 17 14
11 14 11 18
11 15 18 16
11 16 13 17
11 16 17 21
11 17 18 17
11 17 21 20
11 18 17 16
11 18 17 18
11 19 17 16
11 20 13 14
11 20 16 16
12 12 12 14
12 13 14 20
12 13 16 19
12 15 15 19
12 16 12 18
12 16 15 17
12 18 18 19
12 21 20 20
13 13 15 14
13 13 17 21
13 16 13 18
13 16 18 18
13 18 18 17
13 20 18 15
13 20 20 16
14 14 14 19
14 14 17 19
14 15 16 17
15 20 16 21
15 20 17 18
15 21 17 20
16 19 18 19
17 19 20 21
