10 9
0 0 1 4
0 0 2 2
0 0 2 3
0 0 3 1
0 1 5 2
0 1 6 2
0 1 7 1
0 1 7 4
0 1 8 1
0 1 8 2
0 1 9 3
0 1 13 3
0 2 6 4
0 2 7 2
0 2 8 1
0 2 9 4
0 2 11 2
0 2 11 3
0 2 12 1
0 3 5 3
0 3 5 4
0 3 6 2
0 3 9 1
0 3 10 3
0 3 11 4
0 3 13 2
0 4 7 1
0 4 7 2
0 4 9 1
0 4 9 3
0 4 11 4
0 4 12 3
0 4 13 1
0 4 13 4
5 5 5 13
5 5 7 6
5 5 7 8
5 5 8 13
5 5 11 10
5 7 7 9
5 7 12 12
5 8 8 12
5 9 9 6
5 9 10 13
5 9 12 7
5 9 13 11
5 10 10 9
5 10 11 8
5 11 6 6
5 11 7 8
5 11 8 6
5 11 13 6
5 12 11 7
5 12 12 10
5 13 8 6
6 6 9 8
6 6 11 9
6 7 6 9
6 7 10 8
6 8 11 11
6 9 7 11
6 9 10 13
6 10 7 12
6 10 11 12
6 10 13 13
6 12 8 7
6 12 10 11
6 12 12 13
6 12 13 13
6 13 12 13
7 7 8 10
7 8 8 9
7 8 8 13
7 8 13 10
7 9 8 10
7 10 9 11
7 12 13 12
7 13 8 12
7 13 11 12
8 9 10 9
8 9 13 12
8 10 10 11
8 11 9 13
8 12 13 9
9 10 10 10
9 10 11 10
9 12 13 12
10 11 11 12
10 12 11 11
10 13 12 11
