15 4
0 0 1 1
0 0 2 2
0 0 3 4
0 0 4 2
0 1 5 3
0 1 6 1
0 1 6 4
0 1 8 2
0 1 8 4
0 1 9 2
0 1 9 4
0 1 10 3
0 2 5 3
0 2 5 4
0 2 6 1
0 2 6 2
0 2 7 1
0 2 7 2
0 2 8 3
0 2 9 2
0 3 5 1
0 3 5 4
0 3 8 1
0 3 9 3
0 3 10 2
0 3 10 3
0 3 10 4
0 4 5 1
0 4 5 2
0 4 5 3
0 4 6 4
0 4 7 1
0 4 10 1
0 4 10 3
5 5 9 6
5 6 5 10
5 7 8 9
5 8 6 7
5 8 6 8
5 8 7 7
5 9 7 7
5 9 7 8
5 9 8 7
5 9 8 8
5 9 10 7
5 9 10 10
5 10 6 6
5 10 10 10
6 6 7 7
6 6 7 9
6 6 8 8
6 6 9 8
6 7 7 8
6 7 10 10
6 9 10 9
7 7 9 8
7 8 9 8
7 9 8 10
8 9 10 10
9 9 10 10
