13 5
0 0 1 1
0 0 1 2
0 0 1 3
0 0 4 2
0 1 6 2
0 1 7 3
0 1 9 3
0 1 10 1
0 1 10 3
0 2 6 1
0 2 6 2
0 2 6 3
0 2 6 4
0 2 7 3
0 2 8 4
0 2 9 4
0 2 11 3
0 3 5 4
0 3 6 1
0 3 6 2
0 3 6 4
0 3 7 4
0 3 9 2
0 3 10 1
0 3 10 2
0 4 5 3
0 4 7 1
0 4 8 4
0 4 9 1
0 4 10 2
0 4 10 4
0 4 11 1
5 5 8 8
5 5 8 11
5 5 10 11
5 6 10 7
5 6 10 8
5 6 11 8
5 7 9 6
5 7 9 8
5 7 9 10
5 7 11 8
5 8 6 7
5 8 11 7
5 9 6 10
5 9 6 11
5 9 7 11
5 10 8 7
5 10 8 11
5 11 8 11
5 11 11 6
6 6 7 11
6 6 11 9
6 7 8 7
6 8 10 8
6 9 11 7
6 11 10 8
7 7 7 10
7 8 9 9
7 9 10 10
7 10 9 8
7 11 8 9
8 9 9 11
9 9 11 10
9 11 10 10
