17 15
0 0 1 4
0 0 2 4
0 0 4 2
0 0 5 2
0 1 6 4
0 1 7 1
0 1 8 1
0 1 9 3
0 1 16 1
0 1 17 3
0 1 18 4
0 1 20 1
0 1 21 2
0 1 21 3
0 1 21 4
0 2 6 1
0 2 7 2
0 2 8 5
0 2 9 3
0 2 9 5
0 2 10 3
0 2 14 4
0 2 14 5
0 2 17 5
0 2 19 4
0 2 22 5
0 3 6 5
0 3 7 5
0 3 8 2
0 3 10 3
0 3 11 3
0 3 14 2
0 3 15 2
0 3 19 1
0 3 20 4
0 3 21 5
0 3 22 3
0 3 22 4
0 4 7 3
0 4 7 4
0 4 9 1
0 4 9 2
0 4 9 4
0 4 15 3
0 4 21 1
0 4 21 2
0 4 21 3
0 4 21 5
0 4 22 2
0 5 8 1
0 5 8 4
0 5 8 5
0 5 9 1
0 5 12 1
0 5 12 2
0 5 12 5
0 5 13 2
0 5 15 1
0 5 17 3
0 5 17 5
6 6 8 19
6 6 20 10
6 7 6 19
6 8 9 20
6 8 14 22
6 8 15 17
6 9 18 18
6 9 21 13
6 10 12 17
6 10 13 19
6 11 9 14
6 11 9 22
6 11 12 8
6 11 12 11
6 11 13 7
6 11 18 12
6 11 20 20
6 12 18 14
6 13 10 10
6 13 12 7
6 13 12 16
6 13 17 7
6 14 7 14
6 14 15 7
6 15 19 17
6 16 9 7
6 16 13 12
6 16 15 11
6 16 17 16
6 16 17 22
6 16 20 13
6 17 9 10
6 18 17 16
6 19 9 8
6 19 13 10
6 19 15 13
6 20 11 17
6 20 17 20
6 21 17 9
6 21 21 14
6 22 8 18
6 22 9 12
6 22 11 13
6 22 15 9
7 8 9 15
7 8 14 14
7 8 14 16
7 8 14 20
7 8 16 9
7 9 7 10
7 9 7 15
7 9 18 11
7 10 12 17
7 11 13 22
7 12 12 15
7 12 12 16
7 12 15 16
7 13 12 8
7 13 16 18
7 14 17 13
7 14 19 8
7 14 20 19
7 15 16 19
7 15 18 11
7 16 13 18
7 17 13 17
7 17 17 20
7 17 20 16
7 18 8 10
7 18 10 13
7 18 15 21
7 19 11 8
7 19 15 20
7 19 18 17
7 20 8 9
7 20 16 20
7 21 18 19
7 21 21 12
7 22 10 11
7 22 22 9
8 8 14 16
8 8 19 18
8 8 22 11
8 10 21 21
8 11 17 22
8 12 15 20
8 12 18 14
8 12 19 22
8 13 10 13
8 13 19 15
8 14 22 20
8 15 13 9
8 15 19 10
8 15 20 13
8 16 13 10
8 18 9 17
8 18 15 15
8 18 17 14
8 20 18 16
8 21 11 11
8 21 19 20
8 21 22 11
8 22 20 12
8 22 22 22
9 9 10 16
9 10 14 21
9 10 16 20
9 11 10 17
9 12 19 10
9 13 12 15
9 13 19 21
9 13 21 17
9 13 21 19
9 14 16 14
9 15 12 10
9 15 22 22
9 16 13 20
9 17 10 18
9 18 16 19
9 18 18 19
9 19 11 10
9 19 16 17
9 19 21 15
9 21 13 13
9 21 17 22
9 22 10 16
10 10 13 22
10 11 13 16
10 11 19 12
10 11 22 11
10 12 18 20
10 13 20 21
10 14 16 21
10 14 21 14
10 14 21 17
10 14 22 21
10 15 11 19
10 15 20 19
10 16 20 19
10 18 11 11
10 18 12 15
10 18 14 12
10 18 19 14
10 18 20 22
10 20 12 12
10 20 16 22
10 21 14 22
10 22 13 21
11 11 12 16
11 11 17 18
11 12 15 14
11 13 16 19
11 13 17 15
11 14 16 16
11 14 22 12
11 15 16 16
11 18 15 12
11 18 16 20
11 18 17 14
11 19 12 13
11 20 15 20
11 20 19 20
11 21 19 12
11 21 21 18
11 22 14 16
12 12 20 17
12 14 14 18
12 15 12 16
12 15 14 20
12 17 18 19
12 17 21 19
12 18 15 20
12 21 17 20
12 22 15 22
13 13 18 17
13 14 16 21
13 16 16 20
13 17 17 17
13 19 18 17
13 20 20 16
13 20 22 19
13 22 18 22
13 22 20 20
14 14 19 21
14 15 14 19
14 15 22 21
14 19 15 15
14 21 15 21
14 22 18 22
14 22 21 17
15 15 18 19
15 16 21 17
15 18 21 18
15 22 19 17
16 19 17 18
