14 11
0 0 1 3
0 0 2 2
0 0 2 4
0 0 3 1
0 1 5 3
0 1 6 1
0 1 9 3
0 1 10 1
0 1 10 4
0 1 12 1
0 1 12 3
0 1 12 4
0 1 15 3
0 1 16 3
0 1 17 2
0 2 6 3
0 2 7 2
0 2 7 4
0 2 10 1
0 2 10 2
0 2 12 3
0 2 13 1
0 2 14 2
0 2 15 2
0 2 15 4
0 3 5 1
0 3 5 2
0 3 5 4
0 3 6 4
0 3 9 2
0 3 11 3
0 3 13 4
0 3 14 4
0 3 15 1
0 3 17 1
0 4 6 3
0 4 8 1
0 4 9 2
0 4 9 3
0 4 9 4
0 4 11 2
0 4 13 2
0 4 14 1
0 4 14 4
0 4 15 2
0 4 16 1
5 5 7 6
5 5 8 10
5 5 9 9
5 5 12 17
5 5 17 12
5 6 6 7
5 6 16 14
5 7 14 16
5 7 16 14
5 7 17 16
5 8 7 15
5 8 17 6
5 9 12 17
5 9 13 9
5 10 7 13
5 10 11 7
5 10 12 9
5 10 13 11
5 10 15 7
5 11 8 16
5 13 10 8
5 13 10 12
5 13 11 17
5 14 8 6
5 14 12 11
5 14 13 17
5 16 15 8
5 17 12 13
5 17 17 8
6 6 6 16
6 6 16 11
6 7 7 12
6 7 8 11
6 7 15 10
6 8 7 8
6 9 13 11
6 10 7 13
6 10 8 15
6 10 11 15
6 10 16 17
6 10 17 11
6 11 7 17
6 11 8 7
6 11 11 11
6 12 12 15
6 13 14 8
6 14 10 12
6 14 15 17
6 15 7 9
6 16 7 13
6 16 8 12
6 16 14 10
6 16 14 17
6 16 16 7
7 8 14 8
7 10 9 16
7 11 11 14
7 11 12 9
7 11 14 11
7 11 15 14
7 12 8 13
7 12 14 10
7 14 11 15
7 15 8 12
7 15 9 12
7 15 13 8
7 15 16 16
7 16 16 17
7 17 11 8
7 17 17 13
8 8 9 12
8 8 14 14
8 9 15 9
8 11 14 15
8 11 14 17
8 11 17 15
8 12 9 10
8 13 9 15
8 13 17 14
8 16 9 9
8 16 9 12
8 16 12 12
9 10 11 15
9 12 10 10
9 12 11 14
9 13 9 16
9 13 16 15
9 14 13 12
9 14 13 16
9 15 13 10
9 17 10 17
9 17 13 15
9 17 16 13
10 10 17 11
10 12 17 16
10 13 12 14
10 13 13 11
10 15 13 12
10 15 14 17
10 15 17 14
11 13 13 16
11 16 13 13
11 17 14 16
11 17 16 15
12 13 15 14
12 14 12 16
12 17 15 16
14 15 15 17
