12 6
0 0 1 2
0 0 2 4
0 0 4 1
0 0 4 3
0 1 6 2
0 1 7 1
0 1 7 4
0 1 8 4
0 1 9 2
0 1 10 3
0 1 12 2
0 2 5 2
0 2 8 1
0 2 9 3
0 2 10 2
0 2 11 1
0 2 12 3
0 2 12 4
0 3 5 3
0 3 6 4
0 3 7 1
0 3 7 4
0 3 10 1
0 3 10 3
0 3 11 3
0 3 12 4
0 4 5 2
0 4 6 2
0 4 8 1
0 4 9 1
0 4 11 4
0 4 12 3
5 5 9 6
5 6 7 11
5 6 11 9
5 6 12 8
5 7 9 8
5 7 12 9
5 8 5 12
5 8 6 10
5 9 6 7
5 9 7 7
5 9 9 7
5 9 11 6
5 9 12 10
5 11 8 7
5 11 9 10
5 11 12 8
5 12 8 8
5 12 10 11
5 12 11 10
6 6 7 11
6 7 10 7
6 7 10 9
6 7 10 10
6 7 11 8
6 9 9 10
6 9 10 8
6 9 11 11
6 10 7 8
6 10 8 9
6 10 8 11
6 10 9 8
6 12 7 8
7 8 7 9
7 10 11 10
7 12 9 12
8 8 11 10
8 10 8 12
8 12 12 11
9 12 11 10
11 11 12 12
