19 18
0 0 1 2
0 0 1 4
0 0 4 3
0 0 5 2
0 1 6 2
0 1 6 3
0 1 7 2
0 1 8 1
0 1 11 4
0 1 13 3
0 1 15 5
0 1 16 1
0 1 21 3
0 1 22 5
0 1 23 3
0 1 25 5
0 2 6 4
0 2 6 5
0 2 8 1
0 2 11 5
0 2 15 2
0 2 16 4
0 2 17 1
0 2 17 3
0 2 18 5
0 2 20 3
0 2 22 5
0 2 24 1
0 2 25 1
0 2 25 5
0 3 6 5
0 3 8 4
0 3 13 1
0 3 13 5
0 3 16 2
0 3 17 2
0 3 18 1
0 3 18 2
0 3 18 3
0 3 19 3
0 3 20 2
0 3 21 4
0 3 24 1
0 3 24 3
0 4 6 2
0 4 8 4
0 4 8 5
0 4 9 5
0 4 12 4
0 4 13 1
0 4 15 2
0 4 16 3
0 4 17 4
0 4 18 2
0 4 19 5
0 4 25 3
0 4 25 4
0 5 8 3
0 5 9 1
0 5 10 4
0 5 11 4
0 5 12 2
0 5 12 3
0 5 14 1
0 5 15 1
0 5 18 2
0 5 19 4
0 5 22 1
0 5 22 5
0 5 23 4
6 6 10 20
6 6 16 14
6 6 16 23
6 6 25 13
6 7 15 25
6 9 8 13
6 9 10 21
6 9 11 9
6 9 17 21
6 10 10 15
6 10 12 11
6 10 22 22
6 11 9 25
6 11 14 13
6 11 16 17
6 13 10 10
6 13 15 12
6 13 17 18
6 13 19 10
6 13 19 24
6 13 22 19
6 16 15 10
6 16 16 10
6 16 16 14
6 17 20 7
6 18 7 9
6 18 7 24
6 18 11 18
6 19 10 12
6 19 17 19
6 20 11 7
6 20 17 25
6 20 21 15
6 20 23 20
6 20 25 15
6 21 14 23
6 21 16 24
6 22 9 7
6 23 9 15
6 23 11 11
6 23 13 25
6 23 18 15
6 23 19 25
6 23 24 20
6 24 9 15
6 24 22 17
6 25 9 20
6 25 24 20
7 7 13 21
7 7 20 16
7 7 21 17
7 7 21 20
7 8 10 19
7 8 25 8
7 9 11 8
7 10 12 19
7 10 22 11
7 11 7 12
7 11 23 12
7 12 17 9
7 12 25 18
7 12 25 19
7 13 19 9
7 14 16 22
7 15 11 24
7 15 15 13
7 15 25 17
7 16 8 21
7 16 14 12
7 17 8 14
7 17 11 14
7 17 16 20
7 17 17 8
7 17 21 8
7 18 24 22
7 19 19 14
7 19 25 17
7 20 14 22
7 21 8 9
7 21 20 17
7 21 24 19
7 22 9 20
7 22 13 20
7 22 19 18
7 22 25 15
7 23 8 14
7 23 21 21
7 24 12 11
7 24 17 20
7 24 25 9
7 25 8 19
7 25 16 14
7 25 18 17
7 25 23 19
8 8 8 14
8 8 10 17
8 10 20 12
8 10 21 12
8 10 21 18
8 10 23 18
8 10 24 22
8 11 24 23
8 13 12 22
8 14 25 14
8 15 21 19
8 16 8 20
8 16 11 23
8 16 12 21
8 16 23 17
8 17 15 12
8 17 23 22
8 18 10 25
8 18 23 23
8 19 15 10
8 19 22 25
8 20 10 14
8 20 15 19
8 20 17 22
8 21 17 21
8 22 14 23
8 22 25 20
8 23 9 12
8 23 11 13
8 23 17 15
8 23 23 17
8 23 23 24
8 24 21 22
8 25 9 11
8 25 14 19
8 25 16 11
9 9 10 24
9 10 13 18
9 10 21 24
9 10 23 24
9 11 12 22
9 11 20 12
9 12 10 16
9 12 15 10
9 12 19 13
9 13 14 13
9 13 17 14
9 13 24 18
9 14 19 12
9 14 24 21
9 16 22 21
9 17 12 18
9 17 12 24
9 17 13 20
9 17 17 10
9 17 18 10
9 18 15 21
9 18 20 14
9 19 13 17
9 19 13 19
9 19 20 24
9 19 24 14
9 20 11 14
9 20 14 17
9 20 20 18
9 20 25 15
9 21 17 23
9 21 19 11
9 21 24 18
9 22 21 17
9 23 18 14
9 24 12 22
10 10 13 13
10 10 14 11
10 11 25 24
10 12 24 17
10 13 14 17
10 15 11 14
10 15 16 19
10 15 23 11
10 17 16 14
10 17 16 21
10 18 12 15
10 18 13 17
10 19 20 15
10 19 21 24
10 20 13 11
10 20 24 21
10 22 15 24
10 22 21 20
10 22 22 25
10 23 24 25
10 24 17 13
10 24 22 12
10 25 12 13
11 11 25 15
11 12 17 14
11 12 23 20
11 13 13 20
11 14 12 16
11 14 12 20
11 14 14 21
11 14 16 19
11 15 13 18
11 15 21 13
11 15 23 14
11 15 25 23
11 16 15 21
11 16 16 17
11 16 21 22
11 16 21 24
11 19 24 25
11 21 21 14
11 21 25 18
11 22 21 19
11 22 23 17
11 23 21 14
11 24 20 13
11 24 23 15
12 12 18 24
12 14 18 21
12 14 20 19
12 15 24 21
12 16 14 25
12 16 21 23
12 16 25 20
12 17 20 16
12 18 13 20
12 18 16 17
12 19 14 18
12 21 13 20
12 21 14 13
12 21 22 25
12 22 19 13
12 23 22 18
12 24 13 23
12 24 19 14
12 24 22 24
12 25 20 18
13 13 23 19
13 14 16 22
13 15 16 21
13 16 18 15
13 18 24 22
13 19 19 14
13 21 23 15
13 22 25 21
13 24 18 14
13 25 19 18
13 25 25 19
14 15 17 16
14 16 18 16
14 16 25 18
14 19 22 15
14 20 21 20
14 23 15 19
14 23 17 19
14 23 24 16
15 16 15 18
15 16 15 23
15 19 22 18
15 22 17 25
15 22 18 25
15 22 20 16
15 22 22 22
15 23 22 16
15 25 22 24
15 25 22 25
16 16 19 24
16 23 18 20
16 23 23 23
16 24 20 18
17 18 18 20
18 18 24 24
18 21 19 19
18 22 20 21
18 25 22 23
19 20 19 22
