19 12
0 0 1 3
0 0 4 2
0 0 5 1
0 0 5 4
0 1 8 3
0 1 12 5
0 1 13 2
0 1 13 4
0 1 14 4
0 1 16 1
0 1 16 4
0 1 17 3
0 1 17 5
0 1 18 1
0 1 20 2
0 2 6 1
0 2 8 4
0 2 10 3
0 2 10 5
0 2 11 3
0 2 13 3
0 2 13 5
0 2 17 2
0 2 17 5
0 2 18 1
0 2 19 5
0 2 21 1
0 3 6 5
0 3 8 1
0 3 10 2
0 3 11 3
0 3 12 1
0 3 12 2
0 3 12 3
0 3 14 4
0 3 15 2
0 3 15 5
0 3 18 2
0 3 21 5
0 4 6 3
0 4 10 4
0 4 11 1
0 4 11 4
0 4 12 2
0 4 12 5
0 4 17 5
0 4 19 3
0 4 20 3
0 4 21 1
0 5 9 4
0 5 12 2
0 5 13 1
0 5 13 4
0 5 14 1
0 5 14 2
0 5 18 4
0 5 19 3
0 5 20 2
6 6 6 9
6 6 7 10
6 6 12 10
6 6 21 17
6 7 9 7
6 7 20 10
6 8 13 9
6 8 15 19
6 9 11 16
6 9 12 11
6 9 15 13
6 9 17 10
6 10 8 12
6 10 15 13
6 10 16 18
6 10 18 9
6 10 20 13
6 11 8 16
6 11 13 16
6 12 7 13
6 12 8 20
6 12 13 9
6 12 19 11
6 12 21 7
6 13 7 17
6 14 6 21
6 15 8 8
6 15 12 14
6 15 14 7
6 15 20 18
6 17 15 19
6 17 20 20
6 18 7 7
6 18 9 17
6 18 16 17
6 20 9 19
6 20 19 19
7 8 7 17
7 8 10 18
7 8 13 9
7 8 19 8
7 8 21 13
7 9 8 17
7 9 13 19
7 9 19 11
7 9 19 17
7 9 21 9
7 9 21 20
7 10 10 17
7 10 15 17
7 10 16 9
7 10 20 14
7 11 17 21
7 12 7 14
7 13 20 18
7 14 16 19
7 15 11 14
7 16 7 18
7 16 10 16
7 16 16 14
7 17 11 9
7 18 8 21
7 18 13 9
7 18 17 16
7 18 19 13
7 19 8 10
7 19 13 14
7 19 14 11
7 20 18 17
7 21 11 12
8 8 13 21
8 8 16 19
8 8 18 13
8 8 21 9
8 9 8 15
8 11 8 20
8 11 11 11
8 11 18 19
8 11 19 11
8 13 11 9
8 14 12 17
8 14 13 14
8 14 16 10
8 15 12 15
8 16 15 20
8 19 10 11
8 19 15 15
8 19 20 13
8 19 21 14
8 20 17 12
8 20 19 12
9 9 9 21
9 12 18 15
9 13 11 14
9 13 11 21
9 13 21 10
9 14 14 13
9 14 16 18
9 15 13 15
9 15 16 15
9 15 16 17
9 16 14 16
9 16 16 19
9 17 14 15
9 18 16 14
9 20 13 10
9 20 21 19
9 21 12 11
9 21 18 14
10 11 20 12
10 12 14 15
10 13 15 18
10 13 16 12
10 13 18 14
10 14 13 13
10 14 17 18
10 14 17 19
10 14 21 15
10 15 12 16
10 15 18 21
10 16 15 21
10 17 21 11
10 18 14 12
10 18 16 18
10 18 16 19
10 19 12 19
10 19 20 19
10 20 15 21
10 20 18 21
10 21 17 16
11 11 19 17
11 12 17 20
11 12 20 21
11 13 12 20
11 13 18 21
11 14 14 17
11 15 16 12
11 16 14 16
11 16 17 15
11 16 17 20
11 17 21 15
11 19 16 12
11 20 19 16
11 20 19 21
11 21 13 17
11 21 20 20
12 12 14 13
12 15 13 13
12 15 17 14
12 18 12 20
12 18 17 21
12 18 19 13
12 19 15 16
12 20 14 15
12 20 17 16
13 14 19 17
13 20 19 17
14 14 18 15
14 15 15 15
14 17 16 20
14 21 20 17
15 18 18 19
15 21 16 16
15 21 21 19
16 18 20 20
16 20 17 19
17 18 18 20
17 21 20 18
18 19 21 21
18 21 21 20
