14 14
0 0 2 5
0 0 3 4
0 0 3 5
0 0 5 1
0 1 6 3
0 1 9 2
0 1 11 1
0 1 11 4
0 1 16 2
0 1 16 4
0 1 17 4
0 1 17 5
0 1 18 2
0 1 19 2
0 1 20 3
0 2 7 2
0 2 12 5
0 2 13 4
0 2 14 1
0 2 14 4
0 2 15 4
0 2 16 1
0 2 16 2
0 2 17 5
0 2 18 1
0 3 11 4
0 3 12 1
0 3 13 1
0 3 14 2
0 3 16 3
0 3 18 3
0 3 18 5
0 3 20 2
0 4 9 5
0 4 10 2
0 4 12 4
0 4 14 3
0 4 15 1
0 4 15 2
0 4 15 3
0 4 17 3
0 4 18 5
0 4 19 3
0 5 6 3
0 5 7 1
0 5 7 5
0 5 9 3
0 5 10 2
0 5 10 5
0 5 14 1
0 5 15 1
0 5 16 4
6 6 8 7
6 6 8 19
6 6 12 14
6 6 13 18
6 6 17 19
6 7 8 11
6 7 19 9
6 7 19 14
6 8 19 18
6 9 9 18
6 9 11 16
6 9 17 10
6 9 19 11
6 10 7 10
6 10 11 8
6 10 13 18
6 10 16 20
6 10 18 14
6 11 8 14
6 11 9 7
6 11 16 11
6 12 12 19
6 12 14 8
6 12 15 10
6 12 15 17
6 13 12 19
6 13 14 17
6 13 19 17
6 13 19 18
6 13 20 12
6 16 9 10
6 16 10 8
6 19 9 14
6 19 19 12
6 20 9 20
7 7 14 8
7 7 15 16
7 8 10 12
7 8 11 14
7 8 18 20
7 9 15 8
7 9 15 16
7 10 8 12
7 10 13 17
7 11 11 20
7 11 12 15
7 11 16 15
7 12 10 11
7 12 13 13
7 12 15 17
7 13 9 15
7 13 12 8
7 13 19 8
7 14 18 16
7 15 16 17
7 15 18 11
7 16 20 9
7 17 17 17
7 17 20 11
7 18 7 20
7 18 10 11
7 18 19 14
7 18 19 20
7 19 14 20
7 19 19 20
8 8 9 19
8 8 20 12
8 9 8 12
8 9 11 16
8 9 13 12
8 9 14 13
8 9 18 14
8 9 20 13
8 10 16 14
8 11 17 20
8 11 18 10
8 12 9 20
8 13 20 9
8 15 10 16
8 15 19 11
8 16 9 13
8 17 18 17
8 18 15 12
8 18 20 13
8 19 11 17
8 19 13 15
8 19 14 12
8 20 13 13
9 9 15 11
9 11 19 10
9 12 12 20
9 12 16 13
9 13 15 20
9 14 9 15
9 15 16 20
9 16 13 10
9 17 16 10
9 17 18 14
9 18 14 17
9 19 10 12
9 20 16 11
10 10 11 11
10 10 12 13
10 13 10 20
10 13 12 15
10 13 17 20
10 14 20 17
10 15 14 11
10 16 14 15
10 16 18 15
10 17 14 11
10 17 15 15
10 17 19 17
10 19 11 13
10 19 17 16
11 11 12 15
11 11 18 15
11 13 16 12
11 14 18 14
11 15 16 16
11 19 14 20
11 20 17 14
12 12 14 17
12 12 16 18
12 15 15 13
12 15 18 20
12 17 14 16
12 17 19 18
12 20 16 20
13 13 16 20
13 13 20 14
13 15 15 18
13 18 19 18
13 19 19 16
13 20 16 17
14 15 17 19
14 17 16 17
14 17 16 18
14 17 18 18
14 18 17 19
14 20 16 16
14 20 18 18
15 15 15 20
17 19 20 19
