18 17
0 0 1 4
0 0 2 5
0 0 3 2
0 0 5 2
0 1 6 1
0 1 10 5
0 1 12 2
0 1 13 1
0 1 13 2
0 1 14 2
0 1 15 3
0 1 16 4
0 1 17 1
0 1 17 4
0 1 18 4
0 1 22 5
0 1 24 3
0 2 6 3
0 2 8 1
0 2 8 4
0 2 9 2
0 2 13 1
0 2 14 5
0 2 15 3
0 2 19 1
0 2 21 3
0 2 22 1
0 2 23 3
0 2 24 4
0 3 7 2
0 3 7 4
0 3 9 5
0 3 10 5
0 3 11 1
0 3 12 1
0 3 12 5
0 3 15 2
0 3 20 3
0 3 21 3
0 3 23 3
0 3 24 3
0 4 7 1
0 4 8 1
0 4 8 5
0 4 9 5
0 4 12 4
0 4 18 5
0 4 19 3
0 4 19 4
0 4 20 1
0 4 21 2
0 4 22 1
0 4 23 2
0 4 24 3
0 5 7 3
0 5 8 2
0 5 10 4
0 5 12 5
0 5 14 4
0 5 15 5
0 5 16 1
0 5 18 2
0 5 23 4
0 5 23 5
0 5 24 2
0 5 24 4
6 6 7 17
6 6 12 23
6 6 14 7
6 6 23 16
6 7 11 21
6 8 13 22
6 9 8 7
6 9 8 16
6 9 9 18
6 9 11 23
6 9 17 17
6 9 23 22
6 10 6 18
6 10 7 21
6 10 9 16
6 10 9 17
6 10 11 8
6 10 13 15
6 11 9 13
6 11 16 24
6 11 18 11
6 11 22 14
6 12 15 24
6 12 23 17
6 13 8 22
6 13 14 14
6 13 16 15
6 14 7 11
6 14 14 21
6 14 16 23
6 14 21 23
6 14 22 22
6 16 9 23
6 16 17 24
6 17 18 14
6 18 6 21
6 18 16 20
6 19 21 20
6 20 18 19
6 20 19 12
6 20 21 19
6 21 11 24
6 21 17 12
6 23 22 20
6 23 22 21
6 24 20 10
7 7 14 23
7 7 15 8
7 7 15 22
7 7 24 17
7 9 9 24
7 9 13 8
7 9 15 20
7 9 15 23
7 9 23 22
7 11 8 13
7 11 14 10
7 11 22 21
7 13 16 18
7 13 22 9
7 14 7 24
7 15 7 23
7 15 14 21
7 15 17 21
7 15 20 16
7 16 11 9
7 16 12 18
7 16 15 19
7 16 20 15
7 16 23 15
7 17 12 24
7 17 19 17
7 17 20 16
7 17 23 8
7 18 13 8
7 18 23 21
7 19 22 8
7 20 13 12
7 20 17 9
7 20 19 19
7 21 10 21
7 21 14 11
7 23 23 19
7 24 10 22
8 8 21 21
8 8 24 10
8 9 12 15
8 9 17 20
8 9 22 16
8 10 16 10
8 10 18 13
8 10 23 14
8 11 9 18
8 11 11 16
8 12 14 23
8 12 18 12
8 14 22 17
8 14 24 11
8 15 18 23
8 15 19 21
8 16 10 11
8 16 22 18
8 17 23 24
8 18 15 16
8 18 20 11
8 18 23 19
8 19 8 24
8 20 12 13
8 20 21 17
8 21 12 24
8 21 19 21
8 21 24 19
8 22 10 16
8 22 13 20
8 23 14 14
8 23 18 17
8 23 18 19
8 24 20 17
8 24 24 12
9 9 17 12
9 10 14 24
9 10 23 17
9 11 18 17
9 12 24 16
9 13 13 21
9 13 16 22
9 14 19 22
9 15 16 14
9 15 20 16
9 16 10 20
9 16 15 11
9 16 22 13
9 17 13 14
9 17 15 21
9 18 21 24
9 19 10 20
9 19 15 23
9 19 22 15
9 20 14 23
9 21 12 21
9 21 16 18
9 21 20 11
9 22 22 22
9 23 15 22
9 24 23 14
10 10 12 24
10 10 15 15
10 10 15 21
10 10 18 15
10 10 20 20
10 11 18 23
10 12 17 11
10 13 16 13
10 13 20 12
10 13 20 14
10 14 21 13
10 15 19 11
10 15 20 18
10 16 14 14
10 16 14 17
10 18 11 12
10 18 18 15
10 19 17 24
10 19 18 17
10 20 17 13
10 20 17 22
10 21 19 19
10 23 19 18
10 23 24 13
10 24 19 11
11 11 20 20
11 12 17 19
11 12 17 24
11 12 18 12
11 13 13 23
11 14 16 16
11 14 21 17
11 15 13 24
11 15 16 13
11 15 18 23
11 15 24 19
11 16 20 22
11 17 24 20
11 18 13 19
11 18 23 18
11 19 20 14
11 19 20 17
11 20 11 22
11 20 19 15
11 21 13 19
11 22 18 13
11 23 13 22
12 12 15 20
12 12 22 14
12 12 23 16
12 13 21 17
12 14 19 18
12 14 20 13
12 15 16 13
12 15 21 23
12 17 14 23
12 18 20 21
12 18 22 17
12 19 15 14
12 19 20 17
12 20 18 13
12 20 22 18
12 22 14 15
12 22 17 13
12 22 24 19
12 23 23 16
12 24 18 14
13 13 16 14
13 16 17 16
13 16 24 21
13 17 18 14
13 18 17 24
13 18 24 22
13 19 15 18
13 19 17 19
13 20 22 20
13 22 23 21
14 16 24 24
14 18 22 23
14 19 19 19
14 20 24 21
14 21 21 19
14 22 19 16
15 17 24 18
15 19 15 22
15 20 15 24
15 20 21 21
15 24 21 22
16 17 24 22
16 20 19 17
16 21 24 23
16 24 21 19
17 18 19 22
17 19 22 22
21 22 22 24
