13 12
0 0 1 3
0 0 2 4
0 0 3 2
0 0 4 4
0 1 5 1
0 1 5 4
0 1 8 2
0 1 9 1
0 1 10 1
0 1 10 3
0 1 13 3
0 1 13 4
0 1 14 2
0 1 16 1
0 1 17 1
0 2 6 2
0 2 7 3
0 2 8 3
0 2 8 4
0 2 9 2
0 2 10 1
0 2 10 2
0 2 11 3
0 2 12 3
0 2 13 3
0 2 14 4
0 3 6 3
0 3 9 3
0 3 12 1
0 3 13 1
0 3 14 2
0 3 15 2
0 3 15 3
0 3 16 4
0 3 17 2
0 3 17 4
0 4 5 2
0 4 7 2
0 4 8 1
0 4 12 4
0 4 15 1
0 4 15 4
0 4 16 1
0 4 17 1
0 4 17 2
0 4 17 4
5 5 6 10
5 5 15 6
5 6 14 15
5 7 11 7
5 7 11 11
5 7 12 6
5 8 5 13
5 8 9 7
5 8 15 13
5 8 16 6
5 9 11 17
5 10 6 6
5 10 7 11
5 10 10 13
5 10 10 17
5 10 11 7
5 10 17 7
5 11 9 16
5 11 14 11
5 11 15 13
5 11 17 9
5 11 17 11
5 12 12 13
5 13 7 6
5 13 10 9
5 13 11 12
5 14 13 10
5 15 6 11
5 15 10 11
5 16 12 14
5 16 14 16
5 17 7 17
6 6 14 17
6 7 17 17
6 8 6 15
6 8 14 10
6 9 8 9
6 9 9 16
6 9 10 7
6 9 13 7
6 10 14 13
6 10 17 9
6 11 15 9
6 12 8 16
6 12 16 11
6 13 8 15
6 13 10 8
6 13 10 17
6 13 11 12
6 13 12 17
6 13 14 17
6 13 16 9
6 15 9 14
6 15 11 8
6 15 15 7
6 15 17 13
6 17 8 14
7 7 7 16
7 7 13 14
7 8 12 10
7 8 15 15
7 9 9 15
7 9 10 12
7 9 16 12
7 9 17 14
7 11 10 10
7 11 10 12
7 12 16 12
7 12 16 15
7 12 17 8
7 14 10 14
7 14 13 12
7 15 8 14
7 15 11 14
7 16 11 15
7 16 13 9
8 8 8 9
8 8 12 10
8 8 15 16
8 9 15 14
8 10 11 16
8 10 17 11
8 10 17 15
8 12 11 13
8 14 12 9
8 14 17 9
8 14 17 13
8 16 15 14
8 17 11 10
8 17 16 11
9 12 11 11
9 12 12 10
9 14 12 16
9 14 13 12
9 15 12 13
9 15 15 11
9 16 11 16
9 16 16 11
9 16 16 12
9 17 13 12
10 14 16 13
10 16 11 12
10 16 11 15
10 17 11 16
12 14 16 14
12 15 17 14
12 17 15 17
13 13 16 16
13 14 14 17
13 15 14 14
