18 8
0 0 1 2
0 0 1 3
0 0 5 1
0 0 5 4
0 1 6 2
0 1 7 1
0 1 7 3
0 1 12 1
0 1 12 2
0 1 13 3
0 1 13 4
0 1 17 5
0 2 6 1
0 2 6 4
0 2 7 2
0 2 7 5
0 2 8 3
0 2 8 4
0 2 9 2
0 2 12 5
0 2 14 3
0 2 16 2
0 3 6 2
0 3 6 3
0 3 6 5
0 3 8 1
0 3 9 4
0 3 10 2
0 3 10 4
0 3 12 4
0 3 13 1
0 3 14 4
0 4 6 1
0 4 7 1
0 4 10 1
0 4 10 5
0 4 11 3
0 4 13 3
0 4 15 2
0 4 16 3
0 4 16 5
0 5 7 5
0 5 8 4
0 5 11 5
0 5 14 2
0 5 15 1
0 5 15 3
0 5 17 5
6 6 9 11
6 7 8 14
6 7 13 9
6 7 16 7
6 8 10 10
6 8 13 17
6 8 14 16
6 9 9 13
6 9 17 16
6 10 12 9
6 10 15 10
6 13 9 14
6 13 13 13
6 13 15 15
6 14 6 16
6 14 7 11
6 14 7 13
6 14 8 8
6 14 10 15
6 14 13 8
6 14 15 11
6 15 9 16
6 16 12 11
6 16 17 8
6 17 7 9
6 17 11 7
6 17 15 11
7 7 11 15
7 7 14 14
7 8 11 14
7 9 8 8
7 9 12 9
7 9 17 8
7 10 11 11
7 10 16 12
7 12 11 14
7 13 16 11
7 14 12 8
7 14 13 11
7 14 16 13
7 15 13 17
7 16 8 12
7 16 9 15
7 16 12 10
7 17 10 12
7 17 15 11
7 17 15 15
8 8 15 10
8 9 10 13
8 9 16 13
8 10 12 15
8 12 9 13
8 12 10 14
8 12 12 12
8 13 10 9
8 13 11 13
8 14 9 16
8 14 17 16
8 15 12 11
8 15 13 9
8 16 13 11
8 17 12 10
8 17 16 10
8 17 17 10
9 9 17 17
9 10 10 17
9 10 15 16
9 10 17 16
9 11 13 11
9 11 14 10
9 11 14 13
9 11 17 12
9 13 15 11
9 14 14 12
9 15 11 15
9 15 16 11
9 17 17 11
10 10 17 11
10 11 14 12
10 12 12 17
10 12 13 12
10 13 17 13
10 15 12 12
10 15 13 12
10 16 15 12
11 12 16 16
11 14 11 16
11 14 16 17
11 15 12 14
11 15 16 13
12 15 13 16
12 15 14 17
13 15 17 14
14 14 16 16
14 15 15 16
15 17 17 17
